{
	"heat_map" : 
	[
		[
			0.25195133686065674,
			0.25195133686065674,
			0.25195133686065674,
			0.25195133686065674,
			0.25195133686065674,
			0.25195133686065674,
			0.25195133686065674,
			0.25195133686065674,
			0.25195133686065674,
			0.25195133686065674,
			0.25195133686065674,
			0.25195133686065674,
			0.25195133686065674,
			0.25195133686065674,
			0.25195133686065674,
			0.25195133686065674,
			0.25195133686065674,
			0.25195133686065674,
			0.25195133686065674,
			0.25195133686065674,
			0.25195133686065674,
			0.25195133686065674,
			0.25195133686065674,
			0.25195133686065674,
			0.25195133686065674,
			0.25195133686065674,
			0.25195133686065674,
			0.25195133686065674,
			0.25195133686065674,
			0.25195133686065674,
			0.25195133686065674,
			0.25195133686065674,
			0.25195133686065674,
			0.25195133686065674,
			0.25195133686065674,
			0.25195133686065674,
			0.25195133686065674,
			0.25195133686065674,
			0.25195133686065674,
			0.25195133686065674,
			0.25195133686065674,
			0.25195133686065674,
			0.25195133686065674,
			0.25195133686065674,
			0.25195133686065674,
			0.25195133686065674,
			0.25195133686065674,
			0.25195133686065674
		],
		[
			0.25195133686065674,
			0.25195133686065674,
			0.25195133686065674,
			0.25195133686065674,
			0.25195133686065674,
			0.25195133686065674,
			0.25195133686065674,
			0.25195133686065674,
			0.25195133686065674,
			0.25195133686065674,
			0.25195133686065674,
			0.25195133686065674,
			0.25195133686065674,
			0.25195133686065674,
			0.25195133686065674,
			0.25195133686065674,
			0.25195133686065674,
			0.25195133686065674,
			0.25195133686065674,
			0.25195133686065674,
			0.25195133686065674,
			0.25195133686065674,
			0.25195133686065674,
			0.25195133686065674,
			0.25195133686065674,
			0.25195133686065674,
			0.25195133686065674,
			0.25195133686065674,
			0.25195133686065674,
			0.25195133686065674,
			0.25195133686065674,
			0.25195133686065674,
			0.25195133686065674,
			0.25195133686065674,
			0.25195133686065674,
			0.25195133686065674,
			0.25195133686065674,
			0.25195133686065674,
			0.25195133686065674,
			0.25195133686065674,
			0.25195133686065674,
			0.25195133686065674,
			0.25195133686065674,
			0.25195133686065674,
			0.25195133686065674,
			0.25195133686065674,
			0.25195133686065674,
			0.25195133686065674
		],
		[
			0.25195133686065674,
			0.25195133686065674,
			0.25195133686065674,
			0.25195133686065674,
			0.25195133686065674,
			0.25195133686065674,
			0.25195133686065674,
			0.25195133686065674,
			0.25195133686065674,
			0.25195133686065674,
			0.25195133686065674,
			0.25195133686065674,
			0.25195133686065674,
			0.25195133686065674,
			0.25195133686065674,
			0.25195133686065674,
			0.25195133686065674,
			0.25195133686065674,
			0.25195133686065674,
			0.25195133686065674,
			0.25195133686065674,
			0.25195133686065674,
			0.25195133686065674,
			0.25195133686065674,
			0.25195133686065674,
			0.25195133686065674,
			0.25195133686065674,
			0.25195133686065674,
			0.25195133686065674,
			0.25195133686065674,
			0.25195133686065674,
			0.25195133686065674,
			0.25195133686065674,
			0.25195133686065674,
			0.25195133686065674,
			0.25195133686065674,
			0.25195133686065674,
			0.25195133686065674,
			0.25195133686065674,
			0.25195133686065674,
			0.25195133686065674,
			0.25195133686065674,
			0.25195133686065674,
			0.25195133686065674,
			0.25195133686065674,
			0.25195133686065674,
			0.25195133686065674,
			0.25195133686065674
		],
		[
			0.25195133686065674,
			0.25195133686065674,
			0.25195133686065674,
			0.25195133686065674,
			0.25195133686065674,
			0.25195133686065674,
			0.25195133686065674,
			0.25195133686065674,
			0.25195133686065674,
			0.25195133686065674,
			0.25195133686065674,
			0.25195133686065674,
			0.25195133686065674,
			0.25195133686065674,
			0.25195133686065674,
			0.25195133686065674,
			0.25195133686065674,
			0.25195133686065674,
			0.25195133686065674,
			0.25195133686065674,
			0.25195133686065674,
			0.25195133686065674,
			0.25195133686065674,
			0.25195133686065674,
			0.25195133686065674,
			0.25195133686065674,
			0.25195133686065674,
			0.25195133686065674,
			0.25195133686065674,
			0.25195133686065674,
			0.25195133686065674,
			0.25195133686065674,
			0.25195133686065674,
			0.25195133686065674,
			0.25195133686065674,
			0.25195133686065674,
			0.25195133686065674,
			0.25195133686065674,
			0.25195133686065674,
			0.25195133686065674,
			0.25195133686065674,
			0.25195133686065674,
			0.25195133686065674,
			0.25195133686065674,
			0.25195133686065674,
			0.25195133686065674,
			0.25195133686065674,
			0.25195133686065674
		],
		[
			0.25195133686065674,
			0.25195133686065674,
			0.25195133686065674,
			0.25195133686065674,
			0.25195133686065674,
			0.25195133686065674,
			0.25195133686065674,
			0.25195133686065674,
			0.25195133686065674,
			0.25195133686065674,
			0.25195133686065674,
			0.25195133686065674,
			0.25195133686065674,
			0.25195133686065674,
			0.25195133686065674,
			0.25195133686065674,
			0.25195133686065674,
			0.25195133686065674,
			0.25195133686065674,
			0.25195133686065674,
			0.25195133686065674,
			0.25195133686065674,
			0.25195133686065674,
			0.25195133686065674,
			0.25195133686065674,
			0.25195133686065674,
			0.25195133686065674,
			0.25195133686065674,
			0.25195133686065674,
			0.25195133686065674,
			0.25195133686065674,
			0.25195133686065674,
			0.25195133686065674,
			0.25195133686065674,
			0.25195133686065674,
			0.25195133686065674,
			0.25195133686065674,
			0.25195133686065674,
			0.25195133686065674,
			0.25195133686065674,
			0.25195133686065674,
			0.25195133686065674,
			0.25195133686065674,
			0.25195133686065674,
			0.25195133686065674,
			0.25195133686065674,
			0.25195133686065674,
			0.25195133686065674
		],
		[
			0.25195133686065674,
			0.25195133686065674,
			0.25195133686065674,
			0.25195133686065674,
			0.25195133686065674,
			0.26473799347877502,
			0.27752462029457092,
			0.29031127691268921,
			0.3030979335308075,
			0.31588459014892578,
			0.32867121696472168,
			0.34145787358283997,
			0.34145787358283997,
			0.33039078116416931,
			0.31932368874549866,
			0.30825656652450562,
			0.29718947410583496,
			0.28612238168716431,
			0.27505525946617126,
			0.26398816704750061,
			0.26398816704750061,
			0.25712674856185913,
			0.25026533007621765,
			0.24340392649173737,
			0.23654252290725708,
			0.2296811044216156,
			0.22281970083713531,
			0.21595828235149384,
			0.21595828235149384,
			0.23012031614780426,
			0.24428234994411469,
			0.25844436883926392,
			0.27260643243789673,
			0.28676843643188477,
			0.30093050003051758,
			0.31509250402450562,
			0.315092533826828,
			0.30607232451438904,
			0.29705217480659485,
			0.28803199529647827,
			0.27901181578636169,
			0.2699916660785675,
			0.26097151637077332,
			0.25195133686065674,
			0.25195133686065674,
			0.25195133686065674,
			0.25195133686065674,
			0.25195133686065674
		],
		[
			0.25195133686065674,
			0.25195133686065674,
			0.25195133686065674,
			0.25195133686065674,
			0.25195133686065674,
			0.27752462029457092,
			0.30309796333312988,
			0.32867121696472168,
			0.35424453020095825,
			0.37981784343719482,
			0.40539112687110901,
			0.43096441030502319,
			0.43096444010734558,
			0.40883022546768188,
			0.38669601082801819,
			0.36456182599067688,
			0.34242761135101318,
			0.32029342651367188,
			0.29815921187400818,
			0.27602499723434448,
			0.27602502703666687,
			0.26230216026306152,
			0.24857936799526215,
			0.23485654592514038,
			0.22113370895385742,
			0.20741088688373566,
			0.19368806481361389,
			0.17996525764465332,
			0.17996525764465332,
			0.20828929543495178,
			0.23661337792873383,
			0.26493746042251587,
			0.29326152801513672,
			0.32158559560775757,
			0.34990966320037842,
			0.37823373079299927,
			0.37823373079299927,
			0.36019337177276611,
			0.34215301275253296,
			0.32411268353462219,
			0.30607235431671143,
			0.28803202509880066,
			0.26999169588088989,
			0.25195133686065674,
			0.25195133686065674,
			0.25195133686065674,
			0.25195133686065674,
			0.25195133686065674
		],
		[
			0.25195133686065674,
			0.25195133686065674,
			0.25195133686065674,
			0.25195133686065674,
			0.25195133686065674,
			0.29031127691268921,
			0.32867121696472168,
			0.36703115701675415,
			0.40539112687110901,
			0.44375106692314148,
			0.48211100697517395,
			0.52047097682952881,
			0.52047097682952881,
			0.48726963996887207,
			0.45406836271286011,
			0.42086705565452576,
			0.38766574859619141,
			0.35446444153785706,
			0.32126313447952271,
			0.28806185722351074,
			0.28806182742118835,
			0.2674776017665863,
			0.24689336121082306,
			0.22630913555622101,
			0.20572489500045776,
			0.18514066934585571,
			0.16455644369125366,
			0.14397220313549042,
			0.14397220313549042,
			0.18645830452442169,
			0.22894440591335297,
			0.27143049240112305,
			0.31391659379005432,
			0.3564026951789856,
			0.39888879656791687,
			0.44137489795684814,
			0.44137489795684814,
			0.4143143892288208,
			0.38725388050079346,
			0.36019337177276611,
			0.33313286304473877,
			0.30607235431671143,
			0.27901184558868408,
			0.25195133686065674,
			0.25195133686065674,
			0.25195133686065674,
			0.25195133686065674,
			0.25195133686065674
		],
		[
			0.25195133686065674,
			0.25195133686065674,
			0.25195133686065674,
			0.25195133686065674,
			0.25195133686065674,
			0.3030979335308075,
			0.35424453020095825,
			0.40539112687110901,
			0.45653772354125977,
			0.50768435001373291,
			0.55883091688156128,
			0.60997748374938965,
			0.60997754335403442,
			0.56570911407470703,
			0.52144068479537964,
			0.47717231512069702,
			0.43290388584136963,
			0.38863545656204224,
			0.34436708688735962,
			0.30009868741035461,
			0.30009868741035461,
			0.27265304327011108,
			0.24520738422870636,
			0.21776172518730164,
			0.1903160959482193,
			0.16287043690681458,
			0.13542480766773224,
			0.10797915607690811,
			0.10797915607690811,
			0.16462728381156921,
			0.22127541899681091,
			0.27792355418205261,
			0.33457168936729431,
			0.39121982455253601,
			0.44786795973777771,
			0.50451606512069702,
			0.50451606512069702,
			0.46843540668487549,
			0.43235474824905396,
			0.39627403020858765,
			0.36019337177276611,
			0.32411268353462219,
			0.28803202509880066,
			0.25195133686065674,
			0.25195133686065674,
			0.25195133686065674,
			0.25195133686065674,
			0.25195133686065674
		],
		[
			0.25195133686065674,
			0.25195133686065674,
			0.25195133686065674,
			0.25195133686065674,
			0.25195133686065674,
			0.31588459014892578,
			0.37981784343719482,
			0.44375106692314148,
			0.50768435001373291,
			0.57161754369735718,
			0.63555079698562622,
			0.69948405027389526,
			0.69948405027389526,
			0.64414852857589722,
			0.58881306648254395,
			0.5334775447845459,
			0.47814202308654785,
			0.4228065013885498,
			0.36747100949287415,
			0.31213551759719849,
			0.31213551759719849,
			0.27782845497131348,
			0.24352139234542847,
			0.20921434462070465,
			0.17490728199481964,
			0.14060021936893463,
			0.10629316419363022,
			0.071986116468906403,
			0.071986116468906403,
			0.14279627799987793,
			0.21360644698143005,
			0.28441661596298218,
			0.3552267849445343,
			0.42603692412376404,
			0.49684709310531616,
			0.56765729188919067,
			0.56765729188919067,
			0.52255642414093018,
			0.47745555639266968,
			0.43235471844673157,
			0.38725388050079346,
			0.34215301275253296,
			0.29705220460891724,
			0.25195133686065674,
			0.25195133686065674,
			0.25195133686065674,
			0.25195133686065674,
			0.25195133686065674
		],
		[
			0.25195133686065674,
			0.25195133686065674,
			0.25195133686065674,
			0.25195133686065674,
			0.25195133686065674,
			0.32867121696472168,
			0.40539112687110901,
			0.48211100697517395,
			0.55883091688156128,
			0.63555079698562622,
			0.71227067708969116,
			0.7889905571937561,
			0.78899061679840088,
			0.7225879430770874,
			0.65618538856506348,
			0.58978277444839478,
			0.52338016033172607,
			0.45697754621505737,
			0.39057493209838867,
			0.32417234778404236,
			0.32417234778404236,
			0.28300386667251587,
			0.24183540046215057,
			0.20066694915294647,
			0.15949846804141998,
			0.11833000183105469,
			0.077161535620689392,
			0.035993073135614395,
			0.035993073135614395,
			0.12096527218818665,
			0.20593747496604919,
			0.29090967774391174,
			0.37588188052177429,
			0.46085405349731445,
			0.545826256275177,
			0.63079845905303955,
			0.63079845905303955,
			0.57667744159698486,
			0.52255642414093018,
			0.46843540668487549,
			0.41431435942649841,
			0.36019337177276611,
			0.30607235431671143,
			0.25195133686065674,
			0.25195133686065674,
			0.25195133686065674,
			0.25195133686065674,
			0.25195133686065674
		],
		[
			0.25195133686065674,
			0.25195133686065674,
			0.25195133686065674,
			0.25195133686065674,
			0.25195133686065674,
			0.34145787358283997,
			0.43096441030502319,
			0.52047097682952881,
			0.60997748374938965,
			0.69948405027389526,
			0.7889905571937561,
			0.87849712371826172,
			0.87849712371826172,
			0.80102741718292236,
			0.72355771064758301,
			0.64608800411224365,
			0.5686182975769043,
			0.49114859104156494,
			0.41367888450622559,
			0.33620917797088623,
			0.33620917797088623,
			0.28817927837371826,
			0.24014942348003387,
			0.1921195387840271,
			0.14408965408802032,
			0.096059784293174744,
			0.048029907047748566,
			2.9802322387695312e-08,
			2.9802322387695312e-08,
			0.099134258925914764,
			0.19826848804950714,
			0.29740273952484131,
			0.39653694629669189,
			0.49567118287086487,
			0.59480541944503784,
			0.69393962621688843,
			0.69393962621688843,
			0.63079839944839478,
			0.5676572322845459,
			0.50451606512069702,
			0.44137489795684814,
			0.37823370099067688,
			0.315092533826828,
			0.25195133686065674,
			0.25195133686065674,
			0.25195133686065674,
			0.25195133686065674,
			0.25195133686065674
		],
		[
			0.25195133686065674,
			0.25195133686065674,
			0.25195133686065674,
			0.25195133686065674,
			0.25195133686065674,
			0.34145787358283997,
			0.43096444010734558,
			0.52047097682952881,
			0.60997754335403442,
			0.69948405027389526,
			0.78899061679840088,
			0.87849712371826172,
			0.87849712371826172,
			0.80102741718292236,
			0.72355771064758301,
			0.64608800411224365,
			0.5686182975769043,
			0.49114856123924255,
			0.41367888450622559,
			0.33620917797088623,
			0.33620917797088623,
			0.28817927837371826,
			0.24014942348003387,
			0.1921195387840271,
			0.14408965408802032,
			0.096059784293174744,
			0.048029907047748566,
			2.9802322387695312e-08,
			2.9802322387695312e-08,
			0.099134258925914764,
			0.19826848804950714,
			0.29740270972251892,
			0.39653694629669189,
			0.49567118287086487,
			0.59480541944503784,
			0.69393962621688843,
			0.69393962621688843,
			0.63079839944839478,
			0.5676572322845459,
			0.50451606512069702,
			0.44137486815452576,
			0.37823370099067688,
			0.315092533826828,
			0.25195133686065674,
			0.25195133686065674,
			0.25195133686065674,
			0.25195133686065674,
			0.25195133686065674
		],
		[
			0.25195133686065674,
			0.25195133686065674,
			0.25195133686065674,
			0.25195133686065674,
			0.25195133686065674,
			0.34393751621246338,
			0.43592375516891479,
			0.52790993452072144,
			0.61989611387252808,
			0.71188229322433472,
			0.80386847257614136,
			0.895854651927948,
			0.895854651927948,
			0.8246878981590271,
			0.75352126359939575,
			0.68235445022583008,
			0.61118775606155396,
			0.54002106189727783,
			0.46885430812835693,
			0.39768755435943604,
			0.39768755435943604,
			0.3485577404499054,
			0.29942786693572998,
			0.25029802322387695,
			0.20116816461086273,
			0.15203830599784851,
			0.10290846228599548,
			0.053778618574142456,
			0.053778618574142456,
			0.143266960978508,
			0.23275530338287354,
			0.32224366068840027,
			0.41173198819160461,
			0.50122034549713135,
			0.59070873260498047,
			0.68019700050354004,
			0.68019700050354004,
			0.61901909112930298,
			0.55784106254577637,
			0.49666315317153931,
			0.43548518419265747,
			0.37430724501609802,
			0.31312930583953857,
			0.25195133686065674,
			0.25195133686065674,
			0.25195133686065674,
			0.25195133686065674,
			0.25195133686065674
		],
		[
			0.25195133686065674,
			0.25195133686065674,
			0.25195133686065674,
			0.25195133686065674,
			0.25195133686065674,
			0.34641718864440918,
			0.44088304042816162,
			0.53534889221191406,
			0.6298147439956665,
			0.72428059577941895,
			0.81874638795852661,
			0.91321218013763428,
			0.91321218013763428,
			0.84834849834442139,
			0.78348475694656372,
			0.71862101554870605,
			0.65375721454620361,
			0.58889341354370117,
			0.52402973175048828,
			0.45916599035263062,
			0.45916599035263062,
			0.40893614292144775,
			0.35870632529258728,
			0.30847650766372681,
			0.25824666023254395,
			0.20801684260368347,
			0.157787024974823,
			0.10755720734596252,
			0.10755720734596252,
			0.18739967048168182,
			0.26724213361740112,
			0.34708458185195923,
			0.42692705988883972,
			0.50676953792572021,
			0.58661198616027832,
			0.66645443439483643,
			0.66645443439483643,
			0.60723966360092163,
			0.54802495241165161,
			0.48881024122238159,
			0.42959553003311157,
			0.37038078904151917,
			0.31116607785224915,
			0.25195133686065674,
			0.25195133686065674,
			0.25195133686065674,
			0.25195133686065674,
			0.25195133686065674
		],
		[
			0.25195133686065674,
			0.25195133686065674,
			0.25195133686065674,
			0.25195133686065674,
			0.25195133686065674,
			0.34889683127403259,
			0.44584232568740845,
			0.54278779029846191,
			0.63973331451416016,
			0.7366788387298584,
			0.83362430334091187,
			0.93056976795196533,
			0.93056976795196533,
			0.87200897932052612,
			0.81344825029373169,
			0.75488746166229248,
			0.69632673263549805,
			0.63776594400405884,
			0.57920515537261963,
			0.52064436674118042,
			0.52064436674118042,
			0.4693145751953125,
			0.41798478364944458,
			0.36665496230125427,
			0.31532517075538635,
			0.26399537920951843,
			0.21266558766365051,
			0.1613357812166214,
			0.1613357812166214,
			0.23153236508369446,
			0.30172896385192871,
			0.37192553281784058,
			0.44212210178375244,
			0.51231867074966431,
			0.58251523971557617,
			0.65271180868148804,
			0.65271180868148804,
			0.59546035528182983,
			0.53820884227752686,
			0.48095732927322388,
			0.4237058162689209,
			0.36645433306694031,
			0.30920284986495972,
			0.25195133686065674,
			0.25195133686065674,
			0.25195133686065674,
			0.25195133686065674,
			0.25195133686065674
		],
		[
			0.25195133686065674,
			0.25195133686065674,
			0.25195133686065674,
			0.25195133686065674,
			0.25195133686065674,
			0.35137647390365601,
			0.45080164074897766,
			0.55022674798965454,
			0.64965188503265381,
			0.74907708168029785,
			0.84850215911865234,
			0.94792735576629639,
			0.94792735576629639,
			0.89566951990127563,
			0.84341174364089966,
			0.79115390777587891,
			0.73889613151550293,
			0.68663835525512695,
			0.63438057899475098,
			0.582122802734375,
			0.582122802734375,
			0.52969300746917725,
			0.47726321220397949,
			0.42483347654342651,
			0.37240368127822876,
			0.31997391581535339,
			0.26754415035247803,
			0.21511438488960266,
			0.21511438488960266,
			0.27566507458686829,
			0.33621576428413391,
			0.39676645398139954,
			0.45731717348098755,
			0.51786786317825317,
			0.5784185528755188,
			0.63896918296813965,
			0.63896924257278442,
			0.58368098735809326,
			0.52839267253875732,
			0.47310441732406616,
			0.417816162109375,
			0.36252787709236145,
			0.30723962187767029,
			0.25195133686065674,
			0.25195133686065674,
			0.25195133686065674,
			0.25195133686065674,
			0.25195133686065674
		],
		[
			0.25195133686065674,
			0.25195133686065674,
			0.25195133686065674,
			0.25195133686065674,
			0.25195133686065674,
			0.35385614633560181,
			0.4557608962059021,
			0.55766570568084717,
			0.65957051515579224,
			0.7614753246307373,
			0.8633800745010376,
			0.96528488397598267,
			0.96528488397598267,
			0.91933006048202515,
			0.8733752965927124,
			0.82742047309875488,
			0.78146564960479736,
			0.73551082611083984,
			0.68955600261688232,
			0.6436011791229248,
			0.6436011791229248,
			0.59007143974304199,
			0.53654170036315918,
			0.48301193118095398,
			0.42948219180107117,
			0.37595242261886597,
			0.32242271304130554,
			0.26889294385910034,
			0.26889297366142273,
			0.31979778409004211,
			0.37070256471633911,
			0.4216073751449585,
			0.47251218557357788,
			0.52341699600219727,
			0.57432180643081665,
			0.62522661685943604,
			0.62522661685943604,
			0.57190155982971191,
			0.51857656240463257,
			0.46525150537490845,
			0.41192644834518433,
			0.35860139131546021,
			0.30527639389038086,
			0.25195133686065674,
			0.25195133686065674,
			0.25195133686065674,
			0.25195133686065674,
			0.25195133686065674
		],
		[
			0.25195133686065674,
			0.25195133686065674,
			0.25195133686065674,
			0.25195133686065674,
			0.25195133686065674,
			0.35633578896522522,
			0.4607202410697937,
			0.56510466337203979,
			0.66948914527893066,
			0.77387356758117676,
			0.87825798988342285,
			0.98264241218566895,
			0.98264241218566895,
			0.94299060106277466,
			0.90333878993988037,
			0.86368691921234131,
			0.82403504848480225,
			0.78438323736190796,
			0.74473142623901367,
			0.70507961511611938,
			0.70507961511611938,
			0.65044987201690674,
			0.59582012891769409,
			0.54119044542312622,
			0.48656070232391357,
			0.43193095922470093,
			0.37730124592781067,
			0.32267153263092041,
			0.32267153263092041,
			0.36393046379089355,
			0.4051893949508667,
			0.44644832611083984,
			0.48770725727081299,
			0.52896618843078613,
			0.57022511959075928,
			0.61148399114608765,
			0.61148405075073242,
			0.56012219190597534,
			0.50876039266586304,
			0.45739859342575073,
			0.40603676438331604,
			0.35467496514320374,
			0.30331313610076904,
			0.25195133686065674,
			0.25195133686065674,
			0.25195133686065674,
			0.25195133686065674,
			0.25195133686065674
		],
		[
			0.25195133686065674,
			0.25195133686065674,
			0.25195133686065674,
			0.25195133686065674,
			0.25195133686065674,
			0.35881543159484863,
			0.46567952632904053,
			0.57254362106323242,
			0.67940771579742432,
			0.78627181053161621,
			0.89313590526580811,
			1,
			1,
			0.96665114164352417,
			0.93330228328704834,
			0.89995336532592773,
			0.86660456657409668,
			0.83325570821762085,
			0.79990684986114502,
			0.76655799150466919,
			0.76655799150466919,
			0.71082830429077148,
			0.65509861707687378,
			0.59936892986297607,
			0.54363918304443359,
			0.48790949583053589,
			0.43217980861663818,
			0.37645012140274048,
			0.37645012140274048,
			0.40806317329406738,
			0.43967622518539429,
			0.4712892472743988,
			0.50290226936340332,
			0.53451532125473022,
			0.56612837314605713,
			0.59774142503738403,
			0.59774142503738403,
			0.54834282398223877,
			0.49894425272941589,
			0.44954568147659302,
			0.40014708042144775,
			0.35074847936630249,
			0.301349937915802,
			0.25195133686065674,
			0.25195133686065674,
			0.25195133686065674,
			0.25195133686065674,
			0.25195133686065674
		],
		[
			0.25195133686065674,
			0.25195133686065674,
			0.25195133686065674,
			0.25195133686065674,
			0.25195133686065674,
			0.35881543159484863,
			0.46567952632904053,
			0.57254362106323242,
			0.67940771579742432,
			0.78627181053161621,
			0.89313590526580811,
			1,
			1,
			0.96665114164352417,
			0.93330228328704834,
			0.89995336532592773,
			0.86660456657409668,
			0.83325570821762085,
			0.79990684986114502,
			0.76655799150466919,
			0.76655799150466919,
			0.71082830429077148,
			0.65509861707687378,
			0.59936892986297607,
			0.54363918304443359,
			0.48790949583053589,
			0.43217980861663818,
			0.37645012140274048,
			0.37645012140274048,
			0.40806317329406738,
			0.43967622518539429,
			0.4712892472743988,
			0.50290226936340332,
			0.53451532125473022,
			0.56612837314605713,
			0.59774142503738403,
			0.59774142503738403,
			0.54834282398223877,
			0.49894425272941589,
			0.44954568147659302,
			0.40014708042144775,
			0.35074850916862488,
			0.30134990811347961,
			0.25195133686065674,
			0.25195133686065674,
			0.25195133686065674,
			0.25195133686065674,
			0.25195133686065674
		],
		[
			0.25195133686065674,
			0.25195133686065674,
			0.25195133686065674,
			0.25195133686065674,
			0.25195133686065674,
			0.35443121194839478,
			0.45691105723381042,
			0.55939090251922607,
			0.66187071800231934,
			0.76435059309005737,
			0.86683046817779541,
			0.96931034326553345,
			0.96931034326553345,
			0.94254279136657715,
			0.91577529907226562,
			0.88900768756866455,
			0.86224019527435303,
			0.83547264337539673,
			0.80870509147644043,
			0.78193759918212891,
			0.78193759918212891,
			0.73129391670227051,
			0.68065035343170166,
			0.63000679016113281,
			0.57936310768127441,
			0.52871954441070557,
			0.47807589173316956,
			0.42743229866027832,
			0.42743229866027832,
			0.45246434211730957,
			0.47749641537666321,
			0.50252848863601685,
			0.52756059169769287,
			0.55259257555007935,
			0.57762467861175537,
			0.60265672206878662,
			0.60265672206878662,
			0.55255591869354248,
			0.50245517492294312,
			0.45235443115234375,
			0.40225362777709961,
			0.35215288400650024,
			0.3020520806312561,
			0.25195133686065674,
			0.25195133686065674,
			0.25195133686065674,
			0.25195133686065674,
			0.25195133686065674
		],
		[
			0.25195133686065674,
			0.25195133686065674,
			0.25195133686065674,
			0.25195133686065674,
			0.25195133686065674,
			0.35004693269729614,
			0.44814252853393555,
			0.54623818397521973,
			0.64433383941650391,
			0.74242943525314331,
			0.84052503108978271,
			0.93862062692642212,
			0.93862062692642212,
			0.91843444108963013,
			0.89824825525283813,
			0.87806200981140137,
			0.8578757643699646,
			0.83768957853317261,
			0.81750339269638062,
			0.79731714725494385,
			0.79731720685958862,
			0.75175964832305908,
			0.70620203018188477,
			0.66064459085464478,
			0.61508703231811523,
			0.56952953338623047,
			0.52397197484970093,
			0.47841447591781616,
			0.47841447591781616,
			0.49686554074287415,
			0.51531660556793213,
			0.5337677001953125,
			0.55221879482269287,
			0.57066988945007324,
			0.58912098407745361,
			0.60757207870483398,
			0.60757201910018921,
			0.55676907300949097,
			0.50596612691879272,
			0.45516318082809448,
			0.40436023473739624,
			0.35355722904205322,
			0.30275431275367737,
			0.25195133686065674,
			0.25195133686065674,
			0.25195133686065674,
			0.25195133686065674,
			0.25195133686065674
		],
		[
			0.25195133686065674,
			0.25195133686065674,
			0.25195133686065674,
			0.25195133686065674,
			0.25195133686065674,
			0.34566271305084229,
			0.43937408924102783,
			0.53308546543121338,
			0.62679684162139893,
			0.72050821781158447,
			0.81421959400177002,
			0.90793091058731079,
			0.90793091058731079,
			0.89432603120803833,
			0.88072121143341064,
			0.86711633205413818,
			0.85351139307022095,
			0.83990651369094849,
			0.82630163431167603,
			0.81269669532775879,
			0.81269675493240356,
			0.77222532033920288,
			0.73175382614135742,
			0.69128239154815674,
			0.65081095695495605,
			0.61033952236175537,
			0.56986808776855469,
			0.529396653175354,
			0.529396653175354,
			0.54126673936843872,
			0.55313682556152344,
			0.56500697135925293,
			0.57687705755233765,
			0.58874714374542236,
			0.60061728954315186,
			0.61248737573623657,
			0.61248737573623657,
			0.56098222732543945,
			0.50947707891464233,
			0.45797193050384521,
			0.4064667820930481,
			0.35496163368225098,
			0.30345648527145386,
			0.25195133686065674,
			0.25195133686065674,
			0.25195133686065674,
			0.25195133686065674,
			0.25195133686065674
		],
		[
			0.25195133686065674,
			0.25195133686065674,
			0.25195133686065674,
			0.25195133686065674,
			0.25195133686065674,
			0.34127843379974365,
			0.43060559034347534,
			0.51993274688720703,
			0.60925984382629395,
			0.69858694076538086,
			0.78791409730911255,
			0.87724125385284424,
			0.87724125385284424,
			0.87021768093109131,
			0.86319410800933838,
			0.85617053508758545,
			0.84914696216583252,
			0.84212344884872437,
			0.83509987592697144,
			0.82807630300521851,
			0.82807630300521851,
			0.7926909327507019,
			0.75730562210083008,
			0.72192025184631348,
			0.68653488159179688,
			0.65114951133728027,
			0.61576414108276367,
			0.58037877082824707,
			0.58037877082824707,
			0.58566796779632568,
			0.59095704555511475,
			0.59624618291854858,
			0.60153532028198242,
			0.60682439804077148,
			0.6121135950088501,
			0.61740267276763916,
			0.61740267276763916,
			0.56519538164138794,
			0.51298803091049194,
			0.46078068017959595,
			0.40857332944869995,
			0.35636600852012634,
			0.30415868759155273,
			0.25195133686065674,
			0.25195133686065674,
			0.25195133686065674,
			0.25195133686065674,
			0.25195133686065674
		],
		[
			0.25195133686065674,
			0.25195133686065674,
			0.25195133686065674,
			0.25195133686065674,
			0.25195133686065674,
			0.33689421415328979,
			0.42183712124824524,
			0.50678002834320068,
			0.59172284603118896,
			0.6766657829284668,
			0.76160866022109985,
			0.84655153751373291,
			0.84655153751373291,
			0.84610933065414429,
			0.84566706418991089,
			0.84522485733032227,
			0.84478259086608887,
			0.84434032440185547,
			0.84389817714691162,
			0.84345591068267822,
			0.84345591068267822,
			0.8131566047668457,
			0.78285729885101318,
			0.75255811214447021,
			0.7222588062286377,
			0.69195950031280518,
			0.66166019439697266,
			0.63136094808578491,
			0.63136094808578491,
			0.63006913661956787,
			0.62877726554870605,
			0.62748539447784424,
			0.62619352340698242,
			0.62490171194076538,
			0.62360984086990356,
			0.62231802940368652,
			0.62231796979904175,
			0.56940847635269165,
			0.51649892330169678,
			0.46358942985534668,
			0.41067990660667419,
			0.35777038335800171,
			0.30486086010932922,
			0.25195133686065674,
			0.25195133686065674,
			0.25195133686065674,
			0.25195133686065674,
			0.25195133686065674
		],
		[
			0.25195133686065674,
			0.25195133686065674,
			0.25195133686065674,
			0.25195133686065674,
			0.25195133686065674,
			0.33250999450683594,
			0.41306865215301514,
			0.49362727999687195,
			0.57418596744537354,
			0.65474456548690796,
			0.73530322313308716,
			0.81586188077926636,
			0.81586188077926636,
			0.82200098037719727,
			0.8281400203704834,
			0.83427911996841431,
			0.84041821956634521,
			0.84655731916427612,
			0.85269641876220703,
			0.85883545875549316,
			0.85883545875549316,
			0.8336222767829895,
			0.80840909481048584,
			0.78319591283798218,
			0.75798273086547852,
			0.73276948928833008,
			0.70755630731582642,
			0.68234312534332275,
			0.68234312534332275,
			0.67447030544281006,
			0.66659748554229736,
			0.65872460603713989,
			0.65085184574127197,
			0.6429789662361145,
			0.63510614633560181,
			0.62723332643508911,
			0.62723332643508911,
			0.57362157106399536,
			0.52000987529754639,
			0.46639817953109741,
			0.41278645396232605,
			0.35917472839355469,
			0.30556303262710571,
			0.25195133686065674,
			0.25195133686065674,
			0.25195133686065674,
			0.25195133686065674,
			0.25195133686065674
		],
		[
			0.25195133686065674,
			0.25195133686065674,
			0.25195133686065674,
			0.25195133686065674,
			0.25195133686065674,
			0.32812574505805969,
			0.40430015325546265,
			0.4804745614528656,
			0.55664896965026855,
			0.63282334804534912,
			0.70899778604507446,
			0.78517216444015503,
			0.78517216444015503,
			0.79789257049560547,
			0.81061303615570068,
			0.82333338260650635,
			0.83605384826660156,
			0.848774254322052,
			0.86149466037750244,
			0.87421506643295288,
			0.87421506643295288,
			0.8540879487991333,
			0.83396083116531372,
			0.81383371353149414,
			0.79370665550231934,
			0.77357947826385498,
			0.75345242023468018,
			0.7333253026008606,
			0.7333253026008606,
			0.71887147426605225,
			0.70441770553588867,
			0.68996387720108032,
			0.67551004886627197,
			0.6610562801361084,
			0.64660245180130005,
			0.6321486234664917,
			0.6321486234664917,
			0.57783472537994385,
			0.523520827293396,
			0.46920692920684814,
			0.41489303112030029,
			0.36057913303375244,
			0.30626523494720459,
			0.25195133686065674,
			0.25195133686065674,
			0.25195133686065674,
			0.25195133686065674,
			0.25195133686065674
		],
		[
			0.25195133686065674,
			0.25195133686065674,
			0.25195133686065674,
			0.25195133686065674,
			0.25195133686065674,
			0.32812574505805969,
			0.40430015325546265,
			0.4804745614528656,
			0.55664896965026855,
			0.63282334804534912,
			0.70899778604507446,
			0.78517216444015503,
			0.78517216444015503,
			0.79789257049560547,
			0.81061303615570068,
			0.82333338260650635,
			0.83605384826660156,
			0.848774254322052,
			0.86149466037750244,
			0.87421506643295288,
			0.87421506643295288,
			0.8540879487991333,
			0.83396083116531372,
			0.81383377313613892,
			0.79370665550231934,
			0.77357953786849976,
			0.75345242023468018,
			0.7333253026008606,
			0.7333253026008606,
			0.71887147426605225,
			0.7044176459312439,
			0.68996387720108032,
			0.67551004886627197,
			0.66105622053146362,
			0.64660245180130005,
			0.6321486234664917,
			0.6321486234664917,
			0.57783472537994385,
			0.523520827293396,
			0.46920692920684814,
			0.41489300131797791,
			0.36057913303375244,
			0.30626523494720459,
			0.25195133686065674,
			0.25195133686065674,
			0.25195133686065674,
			0.25195133686065674,
			0.25195133686065674
		],
		[
			0.25195133686065674,
			0.25195133686065674,
			0.25195133686065674,
			0.25195133686065674,
			0.25195133686065674,
			0.32542118430137634,
			0.39889106154441833,
			0.47236090898513794,
			0.54583078622817993,
			0.61930060386657715,
			0.69277054071426392,
			0.76624035835266113,
			0.76624035835266113,
			0.78072571754455566,
			0.79521095752716064,
			0.80969631671905518,
			0.82418173551559448,
			0.83866703510284424,
			0.85315239429473877,
			0.86763769388198853,
			0.86763769388198853,
			0.84847962856292725,
			0.82932144403457642,
			0.81016337871551514,
			0.79100525379180908,
			0.77184712886810303,
			0.75268900394439697,
			0.73353093862533569,
			0.73353093862533569,
			0.71803766489028931,
			0.70254451036453247,
			0.68705129623413086,
			0.67155808210372925,
			0.65606480836868286,
			0.64057165384292603,
			0.62507843971252441,
			0.62507843971252441,
			0.57177454233169556,
			0.5184706449508667,
			0.46516680717468262,
			0.41186293959617615,
			0.35855907201766968,
			0.3052552342414856,
			0.25195133686065674,
			0.25195133686065674,
			0.25195133686065674,
			0.25195133686065674,
			0.25195133686065674
		],
		[
			0.25195133686065674,
			0.25195133686065674,
			0.25195133686065674,
			0.25195133686065674,
			0.25195133686065674,
			0.32271662354469299,
			0.39348196983337402,
			0.46424728631973267,
			0.53501260280609131,
			0.60577791929244995,
			0.67654323577880859,
			0.74730855226516724,
			0.74730855226516724,
			0.76355874538421631,
			0.77980905771255493,
			0.79605937004089355,
			0.81230956315994263,
			0.8285597562789917,
			0.84481006860733032,
			0.86106032133102417,
			0.86106032133102417,
			0.84287118911743164,
			0.82468217611312866,
			0.80649298429489136,
			0.78830385208129883,
			0.77011483907699585,
			0.75192564725875854,
			0.73373651504516602,
			0.73373657464981079,
			0.71720397472381592,
			0.70067131519317627,
			0.6841387152671814,
			0.66760605573654175,
			0.65107345581054688,
			0.634540855884552,
			0.61800825595855713,
			0.61800825595855713,
			0.56571441888809204,
			0.51342052221298218,
			0.46112671494483948,
			0.408832848072052,
			0.35653901100158691,
			0.30424517393112183,
			0.25195133686065674,
			0.25195133686065674,
			0.25195133686065674,
			0.25195133686065674,
			0.25195133686065674
		],
		[
			0.25195133686065674,
			0.25195133686065674,
			0.25195133686065674,
			0.25195133686065674,
			0.25195133686065674,
			0.32001212239265442,
			0.38807287812232971,
			0.45613366365432739,
			0.52419447898864746,
			0.59225523471832275,
			0.66031599044799805,
			0.72837674617767334,
			0.72837674617767334,
			0.7463918924331665,
			0.76440709829330444,
			0.78242224454879761,
			0.80043745040893555,
			0.81845259666442871,
			0.83646786212921143,
			0.85448300838470459,
			0.85448300838470459,
			0.83726286888122559,
			0.82004278898239136,
			0.80282264947891235,
			0.78560250997543335,
			0.76838243007659912,
			0.75116229057312012,
			0.73394215106964111,
			0.73394221067428589,
			0.71637016534805298,
			0.69879817962646484,
			0.68122613430023193,
			0.66365408897399902,
			0.64608210325241089,
			0.62851005792617798,
			0.61093807220458984,
			0.61093807220458984,
			0.55965423583984375,
			0.50837045907974243,
			0.45708659291267395,
			0.40580278635025024,
			0.35451894998550415,
			0.30323514342308044,
			0.25195133686065674,
			0.25195133686065674,
			0.25195133686065674,
			0.25195133686065674,
			0.25195133686065674
		],
		[
			0.25195133686065674,
			0.25195133686065674,
			0.25195133686065674,
			0.25195133686065674,
			0.25195133686065674,
			0.31730756163597107,
			0.3826637864112854,
			0.44802004098892212,
			0.51337623596191406,
			0.57873249053955078,
			0.6440887451171875,
			0.70944494009017944,
			0.70944494009017944,
			0.7292250394821167,
			0.74900513887405396,
			0.76878523826599121,
			0.78856527805328369,
			0.80834543704986572,
			0.82812559604644775,
			0.84790563583374023,
			0.84790563583374023,
			0.83165454864501953,
			0.81540346145629883,
			0.79915225505828857,
			0.78290116786956787,
			0.76665002107620239,
			0.75039893388748169,
			0.73414778709411621,
			0.73414784669876099,
			0.71553635597229004,
			0.69692492485046387,
			0.6783134937286377,
			0.6597021222114563,
			0.64109069108963013,
			0.62247925996780396,
			0.60386782884597778,
			0.60386782884597778,
			0.55359411239624023,
			0.50332027673721313,
			0.45304650068283081,
			0.40277266502380371,
			0.35249891877174377,
			0.30222514271736145,
			0.25195133686065674,
			0.25195133686065674,
			0.25195133686065674,
			0.25195133686065674,
			0.25195133686065674
		],
		[
			0.25195133686065674,
			0.25195133686065674,
			0.25195133686065674,
			0.25195133686065674,
			0.25195133686065674,
			0.31460303068161011,
			0.37725472450256348,
			0.43990638852119446,
			0.50255811214447021,
			0.56520974636077881,
			0.62786144018173218,
			0.69051313400268555,
			0.69051313400268555,
			0.71205818653106689,
			0.73360311985015869,
			0.75514817237854004,
			0.77669322490692139,
			0.79823821783065796,
			0.81978321075439453,
			0.84132826328277588,
			0.84132826328277588,
			0.8260461688041687,
			0.81076407432556152,
			0.79548192024230957,
			0.78019976615905762,
			0.76491767168045044,
			0.74963557720184326,
			0.73435342311859131,
			0.73435342311859131,
			0.71470260620117188,
			0.69505178928375244,
			0.67540097236633301,
			0.6557500958442688,
			0.63609927892684937,
			0.61644846200942993,
			0.5967976450920105,
			0.5967976450920105,
			0.54753392934799194,
			0.49827012419700623,
			0.44900637865066528,
			0.39974260330200195,
			0.35047882795333862,
			0.30121511220932007,
			0.25195133686065674,
			0.25195133686065674,
			0.25195133686065674,
			0.25195133686065674,
			0.25195133686065674
		],
		[
			0.25195133686065674,
			0.25195133686065674,
			0.25195133686065674,
			0.25195133686065674,
			0.25195133686065674,
			0.31189849972724915,
			0.37184563279151917,
			0.43179276585578918,
			0.49173992872238159,
			0.55168706178665161,
			0.61163419485092163,
			0.67158138751983643,
			0.67158132791519165,
			0.69489127397537231,
			0.71820122003555298,
			0.74151110649108887,
			0.76482111215591431,
			0.7881309986114502,
			0.81144094467163086,
			0.8347509503364563,
			0.8347509503364563,
			0.82043778896331787,
			0.80612468719482422,
			0.79181152582168579,
			0.77749842405319214,
			0.76318532228469849,
			0.74887216091156006,
			0.73455905914306641,
			0.73455905914306641,
