{
	"heat_map" : 
	[
		[
			0.016233861446380615,
			0.016233861446380615,
			0.016233861446380615,
			0.016233861446380615,
			0.016233861446380615,
			0.016233861446380615,
			0.016233861446380615,
			0.016233861446380615,
			0.016233861446380615,
			0.016233861446380615,
			0.016233861446380615,
			0.016233861446380615,
			0.016233861446380615,
			0.016233861446380615,
			0.016233861446380615,
			0.016233861446380615,
			0.016233861446380615,
			0.016233861446380615,
			0.016233861446380615,
			0.016233861446380615,
			0.016233861446380615,
			0.016233861446380615,
			0.016233861446380615,
			0.016233861446380615,
			0.016233861446380615,
			0.016233861446380615,
			0.016233861446380615,
			0.016233861446380615,
			0.016233861446380615,
			0.016233861446380615,
			0.016233861446380615,
			0.016233861446380615,
			0.016233861446380615,
			0.016233861446380615,
			0.016233861446380615,
			0.016233861446380615,
			0.016233861446380615,
			0.016233861446380615,
			0.016233861446380615,
			0.016233861446380615,
			0.016233861446380615,
			0.016233861446380615,
			0.016233861446380615,
			0.016233861446380615,
			0.016233861446380615,
			0.016233861446380615,
			0.016233861446380615,
			0.016233861446380615
		],
		[
			0.016233861446380615,
			0.016233861446380615,
			0.016233861446380615,
			0.016233861446380615,
			0.016233861446380615,
			0.016233861446380615,
			0.016233861446380615,
			0.016233861446380615,
			0.016233861446380615,
			0.016233861446380615,
			0.016233861446380615,
			0.016233861446380615,
			0.016233861446380615,
			0.016233861446380615,
			0.016233861446380615,
			0.016233861446380615,
			0.016233861446380615,
			0.016233861446380615,
			0.016233861446380615,
			0.016233861446380615,
			0.016233861446380615,
			0.016233861446380615,
			0.016233861446380615,
			0.016233861446380615,
			0.016233861446380615,
			0.016233861446380615,
			0.016233861446380615,
			0.016233861446380615,
			0.016233861446380615,
			0.016233861446380615,
			0.016233861446380615,
			0.016233861446380615,
			0.016233861446380615,
			0.016233861446380615,
			0.016233861446380615,
			0.016233861446380615,
			0.016233861446380615,
			0.016233861446380615,
			0.016233861446380615,
			0.016233861446380615,
			0.016233861446380615,
			0.016233861446380615,
			0.016233861446380615,
			0.016233861446380615,
			0.016233861446380615,
			0.016233861446380615,
			0.016233861446380615,
			0.016233861446380615
		],
		[
			0.016233861446380615,
			0.016233861446380615,
			0.016233861446380615,
			0.016233861446380615,
			0.016233861446380615,
			0.016233861446380615,
			0.016233861446380615,
			0.016233861446380615,
			0.016233861446380615,
			0.016233861446380615,
			0.016233861446380615,
			0.016233861446380615,
			0.016233861446380615,
			0.016233861446380615,
			0.016233861446380615,
			0.016233861446380615,
			0.016233861446380615,
			0.016233861446380615,
			0.016233861446380615,
			0.016233861446380615,
			0.016233861446380615,
			0.016233861446380615,
			0.016233861446380615,
			0.016233861446380615,
			0.016233861446380615,
			0.016233861446380615,
			0.016233861446380615,
			0.016233861446380615,
			0.016233861446380615,
			0.016233861446380615,
			0.016233861446380615,
			0.016233861446380615,
			0.016233861446380615,
			0.016233861446380615,
			0.016233861446380615,
			0.016233861446380615,
			0.016233861446380615,
			0.016233861446380615,
			0.016233861446380615,
			0.016233861446380615,
			0.016233861446380615,
			0.016233861446380615,
			0.016233861446380615,
			0.016233861446380615,
			0.016233861446380615,
			0.016233861446380615,
			0.016233861446380615,
			0.016233861446380615
		],
		[
			0.016233861446380615,
			0.016233861446380615,
			0.016233861446380615,
			0.016233861446380615,
			0.016233861446380615,
			0.016233861446380615,
			0.016233861446380615,
			0.016233861446380615,
			0.016233861446380615,
			0.016233861446380615,
			0.016233861446380615,
			0.016233861446380615,
			0.016233861446380615,
			0.016233861446380615,
			0.016233861446380615,
			0.016233861446380615,
			0.016233861446380615,
			0.016233861446380615,
			0.016233861446380615,
			0.016233861446380615,
			0.016233861446380615,
			0.016233861446380615,
			0.016233861446380615,
			0.016233861446380615,
			0.016233861446380615,
			0.016233861446380615,
			0.016233861446380615,
			0.016233861446380615,
			0.016233861446380615,
			0.016233861446380615,
			0.016233861446380615,
			0.016233861446380615,
			0.016233861446380615,
			0.016233861446380615,
			0.016233861446380615,
			0.016233861446380615,
			0.016233861446380615,
			0.016233861446380615,
			0.016233861446380615,
			0.016233861446380615,
			0.016233861446380615,
			0.016233861446380615,
			0.016233861446380615,
			0.016233861446380615,
			0.016233861446380615,
			0.016233861446380615,
			0.016233861446380615,
			0.016233861446380615
		],
		[
			0.016233861446380615,
			0.016233861446380615,
			0.016233861446380615,
			0.016233861446380615,
			0.016233861446380615,
			0.016233861446380615,
			0.016233861446380615,
			0.016233861446380615,
			0.016233861446380615,
			0.016233861446380615,
			0.016233861446380615,
			0.016233861446380615,
			0.016233861446380615,
			0.016233861446380615,
			0.016233861446380615,
			0.016233861446380615,
			0.016233861446380615,
			0.016233861446380615,
			0.016233861446380615,
			0.016233861446380615,
			0.016233861446380615,
			0.016233861446380615,
			0.016233861446380615,
			0.016233861446380615,
			0.016233861446380615,
			0.016233861446380615,
			0.016233861446380615,
			0.016233861446380615,
			0.016233861446380615,
			0.016233861446380615,
			0.016233861446380615,
			0.016233861446380615,
			0.016233861446380615,
			0.016233861446380615,
			0.016233861446380615,
			0.016233861446380615,
			0.016233861446380615,
			0.016233861446380615,
			0.016233861446380615,
			0.016233861446380615,
			0.016233861446380615,
			0.016233861446380615,
			0.016233861446380615,
			0.016233861446380615,
			0.016233861446380615,
			0.016233861446380615,
			0.016233861446380615,
			0.016233861446380615
		],
		[
			0.016233861446380615,
			0.016233861446380615,
			0.016233861446380615,
			0.016233861446380615,
			0.016233861446380615,
			0.033166415989398956,
			0.050098970532417297,
			0.067031525075435638,
			0.083964079618453979,
			0.10089662671089172,
			0.11782918870449066,
			0.13476173579692841,
			0.13476173579692841,
			0.13631571829319,
			0.13786968588829041,
			0.139423668384552,
			0.1409776359796524,
			0.14253160357475281,
			0.1440855860710144,
			0.14563955366611481,
			0.145639568567276,
			0.1348845511674881,
			0.12412954866886139,
			0.11337453871965408,
			0.10261952877044678,
			0.091864526271820068,
			0.081109523773193359,
			0.070354513823986053,
			0.070354513823986053,
			0.062291689217090607,
			0.05422886461019516,
			0.046166040003299713,
			0.038103211671113968,
			0.030040385201573372,
			0.021977560594677925,
			0.013914735987782478,
			0.013914735987782478,
			0.014246039092540741,
			0.014577344059944153,
			0.01490864809602499,
			0.015239950269460678,
			0.015571253374218941,
			0.015902558341622353,
			0.016233861446380615,
			0.016233861446380615,
			0.016233861446380615,
			0.016233861446380615,
			0.016233861446380615
		],
		[
			0.016233861446380615,
			0.016233861446380615,
			0.016233861446380615,
			0.016233861446380615,
			0.016233861446380615,
			0.050098970532417297,
			0.083964079618453979,
			0.11782918870449066,
			0.15169429779052734,
			0.18555939197540283,
			0.21942451596260071,
			0.2532896101474762,
			0.2532896101474762,
			0.25639757513999939,
			0.2595055103302002,
			0.26261347532272339,
			0.26572141051292419,
			0.268829345703125,
			0.27193731069564819,
			0.275045245885849,
			0.27504527568817139,
			0.25353524088859558,
			0.23202523589134216,
			0.21051521599292755,
			0.18900519609451294,
			0.16749519109725952,
			0.1459851861000061,
			0.12447516620159149,
			0.12447516620159149,
			0.1083495169878006,
			0.092223867774009705,
			0.076098218560218811,
			0.059972561895847321,
			0.043846908956766129,
			0.027721261605620384,
			0.011595611460506916,
			0.011595611460506916,
			0.012258218601346016,
			0.012920825742185116,
			0.013583432883024216,
			0.014246040023863316,
			0.014908647164702415,
			0.015571254305541515,
			0.016233861446380615,
			0.016233861446380615,
			0.016233861446380615,
			0.016233861446380615,
			0.016233861446380615
		],
		[
			0.016233861446380615,
			0.016233861446380615,
			0.016233861446380615,
			0.016233861446380615,
			0.016233861446380615,
			0.067031525075435638,
			0.11782918870449066,
			0.16862682998180389,
			0.21942451596260071,
			0.27022218704223633,
			0.32101982831954956,
			0.37181746959686279,
			0.37181746959686279,
			0.37647941708564758,
			0.38114133477210999,
			0.38580325245857239,
			0.39046517014503479,
			0.39512711763381958,
			0.39978903532028198,
			0.404450923204422,
			0.40445095300674438,
			0.37218594551086426,
			0.33992090821266174,
			0.30765587091445923,
			0.2753908634185791,
			0.24312585592269897,
			0.21086081862449646,
			0.17859582602977753,
			0.17859581112861633,
			0.15440733730792999,
			0.13021886348724365,
			0.10603038966655731,
			0.081841915845870972,
			0.057653434574604034,
			0.033464960753917694,
			0.0092764869332313538,
			0.0092764869332313538,
			0.010270398110151291,
			0.011264309287071228,
			0.012258218601346016,
			0.013252128846943378,
			0.014246040023863316,
			0.015239950269460678,
			0.016233861446380615,
			0.016233861446380615,
			0.016233861446380615,
			0.016233861446380615,
			0.016233859583735466
		],
		[
			0.016233861446380615,
			0.016233861446380615,
			0.016233861446380615,
			0.016233861446380615,
			0.016233861446380615,
			0.083964079618453979,
			0.15169429779052734,
			0.21942451596260071,
			0.28715473413467407,
			0.35488492250442505,
			0.4226151704788208,
			0.49034538865089417,
			0.49034535884857178,
			0.49656128883361816,
			0.50277715921401978,
			0.50899302959442139,
			0.51520895957946777,
			0.52142482995986938,
			0.52764075994491577,
			0.53385663032531738,
			0.53385668992996216,
			0.49083662033081055,
			0.44781661033630371,
			0.40479657053947449,
			0.36177653074264526,
			0.31875652074813843,
			0.27573651075363159,
			0.23271647095680237,
			0.23271647095680237,
			0.20046517252922058,
			0.16821387410163879,
			0.13596257567405701,
			0.10371126234531403,
			0.071459956467151642,
			0.039208661764860153,
			0.0069573614746332169,
			0.0069573614746332169,
			0.008282574824988842,
			0.0096077900379896164,
			0.010933004319667816,
			0.012258218601346016,
			0.013583432883024216,
			0.01490864809602499,
			0.016233861446380615,
			0.016233861446380615,
			0.016233861446380615,
			0.016233861446380615,
			0.016233861446380615
		],
		[
			0.016233861446380615,
			0.016233861446380615,
			0.016233861446380615,
			0.016233861446380615,
			0.016233861446380615,
			0.10089662671089172,
			0.18555939197540283,
			0.27022218704223633,
			0.35488492250442505,
			0.43954768776893616,
			0.52421051263809204,
			0.60887324810028076,
			0.60887324810028076,
			0.61664307117462158,
			0.62441295385360718,
			0.63218283653259277,
			0.63995271921157837,
			0.64772260189056396,
			0.65549248456954956,
			0.66326236724853516,
			0.66326236724853516,
			0.60948729515075684,
			0.55571228265762329,
			0.50193727016448975,
			0.44816219806671143,
			0.39438718557357788,
			0.34061214327812195,
			0.2868371307849884,
			0.2868371307849884,
			0.24652299284934998,
			0.20620886981487274,
			0.16589474678039551,
			0.12558060884475708,
			0.085266485810279846,
			0.044952362775802612,
			0.0046382364816963673,
			0.0046382364816963673,
			0.006294754333794117,
			0.007951272651553154,
			0.0096077900379896164,
			0.011264307424426079,
			0.012920824810862541,
			0.014577343128621578,
			0.016233861446380615,
			0.016233861446380615,
			0.016233861446380615,
			0.016233861446380615,
			0.016233861446380615
		],
		[
			0.016233861446380615,
			0.016233861446380615,
			0.016233861446380615,
			0.016233861446380615,
			0.016233861446380615,
			0.11782918870449066,
			0.21942451596260071,
			0.32101982831954956,
			0.4226151704788208,
			0.52421051263809204,
			0.62580579519271851,
			0.72740107774734497,
			0.72740107774734497,
			0.73672497272491455,
			0.74604880809783936,
			0.75537264347076416,
			0.76469647884368896,
			0.77402037382125854,
			0.78334420919418335,
			0.79266798496246338,
			0.79266804456710815,
			0.7281380295753479,
			0.66360795497894287,
			0.59907793998718262,
			0.53454786539077759,
			0.47001785039901733,
			0.4054877758026123,
			0.34095779061317444,
			0.34095776081085205,
			0.29258081316947937,
			0.24420386552810669,
			0.19582691788673401,
			0.14744997024536133,
			0.099073007702827454,
			0.050696060061454773,
			0.0023191117215901613,
			0.0023191117215901613,
			0.0043069333769381046,
			0.0062947552651166916,
			0.0082825757563114166,
			0.010270398110151291,
			0.012258218601346016,
			0.014246039092540741,
			0.016233861446380615,
			0.016233861446380615,
			0.016233861446380615,
			0.016233861446380615,
			0.016233861446380615
		],
		[
			0.016233861446380615,
			0.016233861446380615,
			0.016233861446380615,
			0.016233861446380615,
			0.016233861446380615,
			0.13476173579692841,
			0.2532896101474762,
			0.37181746959686279,
			0.49034538865089417,
			0.60887324810028076,
			0.72740107774734497,
			0.84592896699905396,
			0.84592896699905396,
			0.85680681467056274,
			0.86768460273742676,
			0.87856245040893555,
			0.88944023847579956,
			0.90031808614730835,
			0.91119587421417236,
			0.92207372188568115,
			0.92207372188568115,
			0.84678864479064941,
			0.77150362730026245,
			0.69621860980987549,
			0.62093353271484375,
			0.54564845561981201,
			0.47036346793174744,
			0.39507842063903809,
			0.39507842063903809,
			0.33863863348960876,
			0.28219887614250183,
			0.22575908899307251,
			0.16931930184364319,
			0.11287953704595566,
			0.056439761072397232,
			-1.3038516044616699e-08,
			-1.3038516044616699e-08,
			0.002319111954420805,
			0.0046382369473576546,
			0.0069573619402945042,
			0.0092764869332313538,
			0.011595611460506916,
			0.013914736919105053,
			0.016233861446380615,
			0.016233861446380615,
			0.016233861446380615,
			0.016233861446380615,
			0.016233861446380615
		],
		[
			0.016233861446380615,
			0.016233861446380615,
			0.016233861446380615,
			0.016233861446380615,
			0.016233861446380615,
			0.13476173579692841,
			0.2532896101474762,
			0.37181746959686279,
			0.49034535884857178,
			0.60887324810028076,
			0.72740107774734497,
			0.84592896699905396,
			0.84592896699905396,
			0.85680681467056274,
			0.86768466234207153,
			0.87856245040893555,
			0.88944023847579956,
			0.90031808614730835,
			0.91119587421417236,
			0.92207372188568115,
			0.92207372188568115,
			0.84678864479064941,
			0.77150362730026245,
			0.69621860980987549,
			0.62093353271484375,
			0.54564851522445679,
			0.47036346793174744,
			0.39507842063903809,
			0.39507842063903809,
			0.33863863348960876,
			0.28219887614250183,
			0.22575908899307251,
			0.16931930184364319,
			0.11287953704595566,
			0.056439761072397232,
			-1.3038516044616699e-08,
			-1.3038516044616699e-08,
			0.002319111954420805,
			0.0046382369473576546,
			0.0069573619402945042,
			0.0092764869332313538,
			0.011595611460506916,
			0.013914736919105053,
			0.016233861446380615,
			0.016233861446380615,
			0.016233861446380615,
			0.016233861446380615,
			0.016233861446380615
		],
		[
			0.016233861446380615,
			0.016233861446380615,
			0.016233861446380615,
			0.016233861446380615,
			0.016233861446380615,
			0.13424177467823029,
			0.25224968791007996,
			0.37025761604309082,
			0.48826554417610168,
			0.60627347230911255,
			0.72428131103515625,
			0.8422892689704895,
			0.8422892689704895,
			0.85493737459182739,
			0.86758542060852051,
			0.8802335262298584,
			0.89288163185119629,
			0.90552973747253418,
			0.91817784309387207,
			0.93082588911056519,
			0.93082588911056519,
			0.86177641153335571,
			0.79272681474685669,
			0.72367727756500244,
			0.65462774038314819,
			0.58557814359664917,
			0.51652860641479492,
			0.44747906923294067,
			0.44747909903526306,
			0.3878110945224762,
			0.32814311981201172,
			0.26847514510154724,
			0.20880715548992157,
			0.1491391509771347,
			0.08947116881608963,
			0.029803186655044556,
			0.029803186655044556,
			0.027864711359143257,
			0.025926236063241959,
			0.02398776076734066,
			0.022049285471439362,
			0.020110812038183212,
			0.018172336742281914,
			0.016233861446380615,
			0.016233861446380615,
			0.016233861446380615,
			0.016233861446380615,
			0.016233861446380615
		],
		[
			0.016233861446380615,
			0.016233861446380615,
			0.016233861446380615,
			0.016233861446380615,
			0.016233861446380615,
			0.13372181355953217,
			0.25120976567268372,
			0.36869773268699646,
			0.48618566989898682,
			0.60367363691329956,
			0.7211616039276123,
			0.83864951133728027,
			0.83864957094192505,
			0.85306787490844727,
			0.86748623847961426,
			0.88190466165542603,
			0.89632302522659302,
			0.91074138879776001,
			0.92515981197357178,
			0.93957805633544922,
			0.93957805633544922,
			0.87676405906677246,
			0.81395000219345093,
			0.75113594532012939,
			0.68832194805145264,
			0.6255078911781311,
			0.56269383430480957,
			0.49987977743148804,
			0.49987977743148804,
			0.43698358535766602,
			0.37408736348152161,
			0.31119117140769958,
			0.24829494953155518,
			0.18539877235889435,
			0.12250258028507233,
			0.059606388211250305,
			0.059606388211250305,
			0.053410310298204422,
			0.047214236110448837,
			0.041018161922693253,
			0.034822084009647369,
			0.028626009821891785,
			0.0224299356341362,
			0.016233861446380615,
			0.016233861446380615,
			0.016233861446380615,
			0.016233861446380615,
			0.016233861446380615
		],
		[
			0.016233861446380615,
			0.016233861446380615,
			0.016233861446380615,
			0.016233861446380615,
			0.016233861446380615,
			0.13320185244083405,
			0.25016984343528748,
			0.3671378493309021,
			0.48410582542419434,
			0.60107386112213135,
			0.71804177761077881,
			0.83500981330871582,
			0.83500981330871582,
			0.85119843482971191,
			0.86738711595535278,
			0.88357573747634888,
			0.89976441860198975,
			0.91595304012298584,
			0.93214166164398193,
			0.94833028316497803,
			0.94833028316497803,
			0.89175176620483398,
			0.83517318964004517,
			0.77859461307525635,
			0.7220160961151123,
			0.66543751955032349,
			0.60885894298553467,
			0.55228042602539062,
			0.55228042602539062,
			0.48615601658821106,
			0.42003160715103149,
			0.35390722751617432,
			0.28778278827667236,
			0.22165839374065399,
			0.15553398430347443,
			0.089409582316875458,
			0.089409582316875458,
			0.078955911099910736,
			0.068502239882946014,
			0.058048561215400696,
			0.047594886273145676,
			0.037141207605600357,
			0.026687536388635635,
			0.016233861446380615,
			0.016233861446380615,
			0.016233861446380615,
			0.016233861446380615,
			0.016233859583735466
		],
		[
			0.016233861446380615,
			0.016233861446380615,
			0.016233861446380615,
			0.016233861446380615,
			0.016233861446380615,
			0.13268189132213593,
			0.24912992119789124,
			0.36557793617248535,
			0.48202598094940186,
			0.59847402572631836,
			0.71492207050323486,
			0.83137005567550659,
			0.83137005567550659,
			0.84932899475097656,
			0.86728793382644653,
			0.8852468729019165,
			0.9032057523727417,
			0.92116463184356689,
			0.93912363052368164,
			0.95708250999450684,
			0.95708245038986206,
			0.90673947334289551,
			0.85639643669128418,
			0.80605334043502808,
			0.75571024417877197,
			0.70536720752716064,
			0.65502417087554932,
			0.60468113422393799,
			0.60468113422393799,
			0.53532850742340088,
			0.46597588062286377,
			0.39662325382232666,
			0.32727062702178955,
			0.25791800022125244,
			0.18856540322303772,
			0.11921278387308121,
			0.1192127913236618,
			0.10450151562690735,
			0.089790232479572296,
			0.075078956782817841,
			0.060367684811353683,
			0.045656409114599228,
			0.030945137143135071,
			0.016233861446380615,
			0.016233861446380615,
			0.016233861446380615,
			0.016233861446380615,
			0.016233861446380615
		],
		[
			0.016233861446380615,
			0.016233861446380615,
			0.016233861446380615,
			0.016233861446380615,
			0.016233861446380615,
			0.132161945104599,
			0.248089998960495,
			0.36401808261871338,
			0.47994616627693176,
			0.59587419033050537,
			0.71180230379104614,
			0.82773035764694214,
			0.82773035764694214,
			0.84745955467224121,
			0.86718875169754028,
			0.88691794872283936,
			0.90664708614349365,
			0.92637628316879272,
			0.9461054801940918,
			0.96583467721939087,
			0.96583467721939087,
			0.92172712087631226,
			0.87761956453323364,
			0.83351200819015503,
			0.78940445184707642,
			0.7452968955039978,
			0.70118933916091919,
			0.65708184242248535,
			0.65708178281784058,
			0.58450096845626831,
			0.51192015409469604,
			0.43933930993080139,
			0.36675846576690674,
			0.29417765140533447,
			0.22159680724143982,
			0.14901599287986755,
			0.14901599287986755,
			0.13004711270332336,
			0.11107823997735977,
			0.092109359800815582,
			0.07314048707485199,
			0.054171610623598099,
			0.035202734172344208,
			0.016233861446380615,
			0.016233861446380615,
			0.016233861446380615,
			0.016233861446380615,
			0.016233861446380615
		],
		[
			0.016233861446380615,
			0.016233861446380615,
			0.016233861446380615,
			0.016233861446380615,
			0.016233861446380615,
			0.13164198398590088,
			0.24705009162425995,
			0.36245819926261902,
			0.47786632180213928,
			0.59327441453933716,
			0.70868253707885742,
			0.82409060001373291,
			0.82409060001373291,
			0.84559011459350586,
			0.86708950996398926,
			0.88858902454376221,
			0.91008853912353516,
			0.93158793449401855,
			0.95308738946914673,
			0.9745868444442749,
			0.9745868444442749,
			0.93671482801437378,
			0.89884275197982788,
			0.86097073554992676,
			0.82309865951538086,
			0.78522658348083496,
			0.74735450744628906,
			0.70948243141174316,
			0.70948249101638794,
			0.63367342948913574,
			0.55786436796188354,
			0.48205533623695374,
			0.40624627470970154,
			0.33043724298477173,
			0.25462821125984192,
			0.17881917953491211,
			0.17881917953491211,
			0.15559270977973938,
			0.13236624002456665,
			0.10913976281881332,
			0.085913285613059998,
			0.062686808407306671,
			0.039460334926843643,
			0.016233861446380615,
			0.016233861446380615,
			0.016233861446380615,
			0.016233861446380615,
			0.016233861446380615
		],
		[
			0.016233861446380615,
			0.016233861446380615,
			0.016233861446380615,
			0.016233861446380615,
			0.016233861446380615,
			0.13112200796604156,
			0.24601016938686371,
			0.36089828610420227,
			0.4757864773273468,
			0.59067463874816895,
			0.70556271076202393,
			0.82045090198516846,
			0.82045090198516846,
			0.84372061491012573,
			0.86699032783508301,
			0.89026010036468506,
			0.91352987289428711,
			0.93679958581924438,
			0.96006935834884644,
			0.98333907127380371,
			0.98333907127380371,
			0.9517025351524353,
			0.92006599903106689,
			0.88842940330505371,
			0.85679280757904053,
			0.82515627145767212,
			0.79351967573165894,
			0.76188313961029053,
			0.76188313961029053,
			0.68284589052200317,
			0.60380858182907104,
			0.52477139234542847,
			0.44573414325714111,
			0.36669689416885376,
			0.28765961527824402,
			0.20862238109111786,
			0.20862238109111786,
			0.1811383068561554,
			0.15365421772003174,
			0.12617015838623047,
			0.098686084151268005,
			0.071202009916305542,
			0.043717935681343079,
			0.016233861446380615,
			0.016233861446380615,
			0.016233861446380615,
			0.016233861446380615,
			0.016233861446380615
		],
		[
			0.016233861446380615,
			0.016233861446380615,
			0.016233861446380615,
			0.016233861446380615,
			0.016233861446380615,
			0.13112200796604156,
			0.24601016938686371,
			0.36089831590652466,
			0.4757864773273468,
			0.59067463874816895,
			0.7055627703666687,
			0.82045090198516846,
			0.82045090198516846,
			0.84372061491012573,
			0.86699032783508301,
			0.89026010036468506,
			0.91352987289428711,
			0.93679958581924438,
			0.96006935834884644,
			0.98333907127380371,
			0.98333907127380371,
			0.9517025351524353,
			0.92006599903106689,
			0.88842940330505371,
			0.85679280757904053,
			0.82515627145767212,
			0.79351967573165894,
			0.76188313961029053,
			0.76188313961029053,
			0.68284589052200317,
			0.60380858182907104,
			0.52477139234542847,
			0.44573414325714111,
			0.36669686436653137,
			0.28765961527824402,
			0.20862238109111786,
			0.20862238109111786,
			0.1811383068561554,
			0.15365421772003174,
			0.12617015838623047,
			0.098686084151268005,
			0.071202009916305542,
			0.043717935681343079,
			0.016233861446380615,
			0.016233861446380615,
			0.016233861446380615,
			0.016233861446380615,
			0.016233861446380615
		],
		[
			0.016233861446380615,
			0.016233861446380615,
			0.016233861446380615,
			0.016233861446380615,
			0.016233861446380615,
			0.12881931662559509,
			0.24140477180480957,
			0.35399022698402405,
			0.46657568216323853,
			0.57916116714477539,
			0.69174659252166748,
			0.80433201789855957,
			0.80433201789855957,
			0.82732218503952026,
			0.85031241178512573,
			0.87330257892608643,
			0.89629268646240234,
			0.91928279399871826,
			0.94227302074432373,
			0.96526318788528442,
			0.96526318788528442,
			0.94095820188522339,
			0.9166530966758728,
			0.89234817028045654,
			0.86804318428039551,
			0.8437381386756897,
			0.81943315267562866,
			0.79512816667556763,
			0.79512816667556763,
			0.72002911567687988,
			0.64493012428283691,
			0.56983107328414917,
			0.49473202228546143,
			0.41963300108909607,
			0.34453397989273071,
			0.26943495869636536,
			0.26943495869636536,
			0.23326335847377777,
			0.19709178805351257,
			0.16092018783092499,
			0.12474860996007919,
			0.088577024638652802,
			0.05240543931722641,
			0.016233861446380615,
			0.016233861446380615,
			0.016233861446380615,
			0.016233861446380615,
			0.016233861446380615
		],
		[
			0.016233861446380615,
			0.016233861446380615,
			0.016233861446380615,
			0.016233861446380615,
			0.016233861446380615,
			0.12651662528514862,
			0.23679938912391663,
			0.34708216786384583,
			0.45736491680145264,
			0.56764769554138184,
			0.67793041467666626,
			0.78821313381195068,
			0.78821313381195068,
			0.81092381477355957,
			0.83363431692123413,
			0.85634493827819824,
			0.87905550003051758,
			0.90176612138748169,
			0.92447668313980103,
			0.94718730449676514,
			0.94718730449676514,
			0.9302138090133667,
			0.91324037313461304,
			0.89626693725585938,
			0.87929356098175049,
			0.86232006549835205,
			0.84534662961959839,
			0.82837319374084473,
			0.82837319374084473,
			0.75721240043640137,
			0.68605154752731323,
			0.6148906946182251,
			0.54372996091842651,
			0.47256910800933838,
			0.40140831470489502,
			0.33024752140045166,
			0.33024752140045166,
			0.28538841009140015,
			0.24052934348583221,
			0.1956702321767807,
			0.15081113576889038,
			0.10595204681158066,
			0.061092954128980637,
			0.016233861446380615,
			0.016233861446380615,
			0.016233861446380615,
			0.016233861446380615,
			0.016233861446380615
		],
		[
			0.016233861446380615,
			0.016233861446380615,
			0.016233861446380615,
			0.016233861446380615,
			0.016233861446380615,
			0.12421393394470215,
			0.23219400644302368,
			0.34017404913902283,
			0.44815412163734436,
			0.55613416433334351,
			0.66411423683166504,
			0.77209430932998657,
			0.77209430932998657,
			0.79452532529830933,
			0.81695634126663208,
			0.83938741683959961,
			0.86181837320327759,
			0.88424932956695557,
			0.90668034553527832,
			0.92911142110824585,
			0.92911142110824585,
			0.91946947574615479,
			0.9098275899887085,
			0.90018570423126221,
			0.89054381847381592,
			0.8809019923210144,
			0.87126010656356812,
			0.86161822080612183,
			0.86161822080612183,
			0.79439562559127808,
			0.7271730899810791,
			0.65995043516159058,
			0.59272783994674683,
			0.52550524473190308,
			0.45828267931938171,
			0.39106011390686035,
			0.39106008410453796,
			0.33751347661018372,
			0.28396686911582947,
			0.23042026162147522,
			0.17687366902828217,
			0.12332706898450851,
			0.069780461490154266,
			0.016233861446380615,
			0.016233861446380615,
			0.016233861446380615,
			0.016233861446380615,
			0.016233859583735466
		],
		[
			0.016233861446380615,
			0.016233861446380615,
			0.016233861446380615,
			0.016233861446380615,
			0.016233861446380615,
			0.12191123515367508,
			0.22758859395980835,
			0.33326596021652222,
			0.43894332647323608,
			0.54462075233459473,
			0.65029811859130859,
			0.75597548484802246,
			0.75597542524337769,
			0.77812689542770386,
			0.80027830600738525,
			0.82242977619171143,
			0.84458118677139282,
			0.86673259735107422,
			0.88888406753540039,
			0.91103553771972656,
			0.91103547811508179,
			0.90872520208358765,
			0.90641486644744873,
			0.90410453081130981,
			0.9017941951751709,
			0.89948391914367676,
			0.89717352390289307,
			0.89486324787139893,
			0.89486324787139893,
			0.83157891035079956,
			0.76829451322555542,
			0.70501011610031128,
			0.64172577857971191,
			0.57844138145446777,
			0.51515704393386841,
			0.45187267661094666,
			0.45187267661094666,
			0.38963854312896729,
			0.3274044394493103,
			0.26517030596733093,
			0.20293618738651276,
			0.14070208370685577,
			0.078467972576618195,
			0.016233861446380615,
			0.016233861446380615,
			0.016233861446380615,
			0.016233861446380615,
			0.016233861446380615
		],
		[
			0.016233861446380615,
			0.016233861446380615,
			0.016233861446380615,
			0.016233861446380615,
			0.016233861446380615,
			0.11960853636264801,
			0.22298321127891541,
			0.32635790109634399,
			0.4297325611114502,
			0.5331072211265564,
			0.6364818811416626,
			0.7398565411567688,
			0.7398565411567688,
			0.76172840595245361,
			0.78360027074813843,
			0.80547213554382324,
			0.82734400033950806,
			0.84921586513519287,
			0.87108778953552246,
			0.8929595947265625,
			0.8929595947265625,
			0.89798080921173096,
			0.90300208330154419,
			0.90802329778671265,
			0.91304457187652588,
			0.91806578636169434,
			0.92308700084686279,
			0.92810827493667603,
			0.92810827493667603,
			0.86876213550567627,
			0.80941599607467651,
			0.75006985664367676,
			0.69072365760803223,
			0.63137751817703247,
			0.57203137874603271,
			0.51268523931503296,
			0.51268523931503296,
			0.44176357984542847,
			0.37084197998046875,
			0.29992035031318665,
			0.22899872064590454,
			0.15807710587978363,
			0.087155476212501526,
			0.016233861446380615,
			0.016233861446380615,
			0.016233861446380615,
			0.016233861446380615,
			0.016233861446380615
		],
		[
			0.016233861446380615,
			0.016233861446380615,
			0.016233861446380615,
			0.016233861446380615,
			0.016233861446380615,
			0.11730584502220154,
			0.21837782859802246,
			0.319449782371521,
			0.42052179574966431,
			0.52159374952316284,
			0.62266570329666138,
			0.72373771667480469,
			0.72373771667480469,
			0.74532997608184814,
			0.76692229509353638,
			0.78851455450057983,
			0.81010687351226807,
			0.83169913291931152,
			0.85329139232635498,
			0.87488371133804321,
			0.87488371133804321,
			0.88723653554916382,
			0.89958930015563965,
			0.91194212436676025,
			0.92429494857788086,
			0.93664765357971191,
			0.94900047779083252,
			0.96135330200195312,
			0.96135330200195312,
			0.90594542026519775,
			0.85053741931915283,
			0.79512947797775269,
			0.73972159624099731,
			0.68431365489959717,
			0.62890571355819702,
			0.57349783182144165,
			0.57349777221679688,
			0.49388864636421204,
			0.4142795205116272,
			0.33467039465904236,
			0.25506123900413513,
			0.17545212805271149,
			0.095842987298965454,
			0.016233861446380615,
			0.016233861446380615,
			0.016233861446380615,
			0.016233861446380615,
			0.016233861446380615
		],
		[
			0.016233861446380615,
			0.016233861446380615,
			0.016233861446380615,
			0.016233861446380615,
			0.016233861446380615,
			0.11500315368175507,
			0.21377244591712952,
			0.31254169344902039,
			0.41131103038787842,
			0.51008027791976929,
			0.60884952545166016,
			0.7076188325881958,
			0.7076188325881958,
			0.72893154621124268,
			0.75024425983428955,
			0.77155697345733643,
			0.7928696870803833,
			0.81418240070343018,
			0.83549511432647705,
			0.85680782794952393,
			0.85680782794952393,
			0.8764922022819519,
			0.89617657661437988,
			0.91586089134216309,
			0.93554520606994629,
			0.95522964000701904,
			0.97491395473480225,
			0.99459832906723022,
			0.99459832906723022,
			0.94312858581542969,
			0.89165890216827393,
			0.84018921852111816,
			0.78871947526931763,
			0.73724973201751709,
			0.68578004837036133,
			0.63431036472320557,
			0.63431036472320557,
			0.54601371288299561,
			0.45771709084510803,
			0.36942043900489807,
			0.28112375736236572,
			0.19282715022563934,
			0.10453050583600998,
			0.016233861446380615,
			0.016233861446380615,
			0.016233861446380615,
			0.016233861446380615,
			0.016233861446380615
		],
		[
			0.016233861446380615,
			0.016233861446380615,
			0.016233861446380615,
			0.016233861446380615,
			0.016233861446380615,
			0.11500314623117447,
			0.21377243101596832,
			0.31254172325134277,
			0.41131100058555603,
			0.51008027791976929,
			0.60884958505630493,
			0.7076188325881958,
			0.7076188325881958,
			0.72893154621124268,
			0.75024425983428955,
			0.77155697345733643,
			0.7928696870803833,
			0.81418240070343018,
			0.83549511432647705,
			0.85680782794952393,
			0.85680782794952393,
			0.8764922022819519,
			0.89617657661437988,
			0.91586089134216309,
			0.93554526567459106,
			0.95522964000701904,
			0.97491395473480225,
			0.99459832906723022,
			0.99459832906723022,
			0.94312858581542969,
			0.89165890216827393,
			0.84018921852111816,
			0.78871947526931763,
			0.73724979162216187,
			0.68578004837036133,
			0.63431036472320557,
			0.63431036472320557,
			0.54601371288299561,
			0.45771709084510803,
			0.36942043900489807,
			0.28112375736236572,
			0.19282715022563934,
			0.10453050583600998,
			0.016233861446380615,
			0.016233861446380615,
			0.016233861446380615,
			0.016233861446380615,
			0.016233861446380615
		],
		[
			0.016233861446380615,
			0.016233861446380615,
			0.016233861446380615,
			0.016233861446380615,
			0.016233861446380615,
			0.11224951595067978,
			0.20826517045497894,
			0.30428081750869751,
			0.40029647946357727,
			0.49631211161613464,
			0.59232771396636963,
			0.68834340572357178,
			0.68834340572357178,
			0.70974010229110718,
			0.73113691806793213,
			0.75253361463546753,
			0.77393031120300293,
			0.79532694816589355,
			0.81672370433807373,
			0.83812040090560913,
			0.83812040090560913,
			0.86058461666107178,
			0.88304877281188965,
			0.90551310777664185,
			0.92797732353210449,
			0.95044159889221191,
			0.97290575504302979,
			0.99536997079849243,
			0.99536997079849243,
			0.94629877805709839,
			0.89722758531570435,
			0.8481563925743103,
			0.79908514022827148,
			0.75001394748687744,
			0.7009427547454834,
			0.65187162160873413,
			0.65187162160873413,
			0.5610661506652832,
			0.47026079893112183,
			0.37945538759231567,
			0.2886500358581543,
			0.19784462451934814,
			0.10703924298286438,
			0.016233861446380615,
			0.016233861446380615,
			0.016233861446380615,
			0.016233861446380615,
			0.016233861446380615
		],
		[
			0.016233861446380615,
			0.016233861446380615,
			0.016233861446380615,
			0.016233861446380615,
			0.016233861446380615,
			0.10949587821960449,
			0.20275792479515076,
			0.29601991176605225,
			0.38928192853927612,
			0.48254397511482239,
			0.57580602169036865,
			0.66906803846359253,
			0.66906803846359253,
			0.69054871797561646,
			0.71202939748764038,
			0.73351013660430908,
			0.75499081611633301,
			0.77647155523300171,
			0.79795229434967041,
			0.81943297386169434,
			0.81943297386169434,
			0.84467697143554688,
			0.86992120742797852,
			0.89516526460647583,
			0.9204094409942627,
			0.94565349817276001,
			0.97089755535125732,
			0.99614167213439941,
			0.99614167213439941,
			0.94946897029876709,
			0.90279632806777954,
			0.85612356662750244,
			0.80945086479187012,
			0.76277822256088257,
			0.71610546112060547,
			0.66943281888961792,
			0.66943281888961792,
			0.57611870765686035,
			0.4828045666217804,
			0.38949039578437805,
			0.29617628455162048,
			0.20286212861537933,
			0.10954798758029938,
			0.016233861446380615,
			0.016233861446380615,
			0.016233861446380615,
			0.016233861446380615,
			0.016233861446380615
		],
		[
			0.016233861446380615,
			0.016233861446380615,
			0.016233861446380615,
			0.016233861446380615,
			0.016233861446380615,
			0.1067422553896904,
			0.19725064933300018,
			0.28775903582572937,
			0.37826743721961975,
			0.46877580881118774,
			0.55928421020507812,
			0.64979261159896851,
			0.64979261159896851,
			0.67135733366012573,
			0.69292199611663818,
			0.71448671817779541,
			0.73605144023895264,
			0.75761610269546509,
			0.77918082475662231,
			0.80074548721313477,
			0.80074554681777954,
			0.82876956462860107,
			0.85679346323013306,
			0.88481748104095459,
			0.91284137964248657,
			0.94086539745330811,
			0.96888935565948486,
			0.99691331386566162,
			0.99691331386566162,
			0.95263916254043579,
			0.90836495161056519,
			0.86409074068069458,
			0.81981652975082397,
			0.77554237842559814,
			0.73126816749572754,
			0.68699401617050171,
			0.68699401617050171,
			0.59117114543914795,
			0.49534827470779419,
			0.39952537417411804,
			0.30370247364044189,
			0.20787961781024933,
			0.11205673962831497,
			0.016233861446380615,
			0.016233861446380615,
			0.016233861446380615,
			0.016233861446380615,
			0.016233859583735466
		],
		[
			0.016233861446380615,
			0.016233861446380615,
			0.016233861446380615,
			0.016233861446380615,
			0.016233861446380615,
			0.10398861765861511,
			0.1917433887720108,
			0.27949815988540649,
			0.36725291609764099,
			0.45500767230987549,
			0.54276245832443237,
			0.63051718473434448,
			0.63051718473434448,
			0.65216588973999023,
			0.67381459474563599,
			0.69546329975128174,
			0.71711194515228271,
			0.73876070976257324,
			0.76040935516357422,
			0.78205806016921997,
			0.78205806016921997,
			0.81286197900772095,
			0.8436657190322876,
			0.8744695782661438,
			0.90527349710464478,
			0.93607735633850098,
			0.9668811559677124,
			0.99768495559692383,
			0.99768495559692383,
			0.95580929517745972,
			0.91393363475799561,
			0.87205791473388672,
			0.83018225431442261,
			0.7883065938949585,
			0.74643093347549438,
			0.70455527305603027,
			0.70455527305603027,
			0.60622358322143555,
			0.50789201259613037,
			0.40956035256385803,
			0.31122872233390808,
			0.21289710700511932,
			0.11456548422574997,
			0.016233861446380615,
			0.016233861446380615,
			0.016233861446380615,
			0.016233861446380615,
			0.016233861446380615
		],
		[
			0.016233861446380615,
			0.016233861446380615,
			0.016233861446380615,
			0.016233861446380615,
			0.016233861446380615,
			0.10123499482870102,
			0.18623611330986023,
			0.27123725414276123,
			0.35623839497566223,
			0.44123953580856323,
			0.52624064683914185,
			0.61124175786972046,
			0.61124175786972046,
			0.63297444581985474,
			0.65470719337463379,
			0.67643988132476807,
			0.69817256927490234,
			0.71990525722503662,
			0.7416379451751709,
			0.76337063312530518,
			0.76337063312530518,
			0.79695439338684082,
			0.83053809404373169,
			0.86412179470062256,
			0.8977055549621582,
			0.9312891960144043,
			0.96487295627593994,
			0.99845665693283081,
			0.99845665693283081,
			0.95897948741912842,
			0.91950231790542603,
			0.88002514839172363,
			0.84054791927337646,
			0.80107080936431885,
			0.76159369945526123,
			0.72211647033691406,
			0.72211647033691406,
			0.6212761402130127,
			0.52043569087982178,
			0.41959536075592041,
			0.31875497102737427,
			0.21791459619998932,
			0.11707422882318497,
			0.016233861446380615,
			0.016233861446380615,
