{
	"heat_map" : 
	[
		[
			0.96689128875732422,
			0.96689128875732422,
			0.96689134836196899,
			0.96689134836196899,
			0.96689134836196899,
			0.96689134836196899,
			0.96689134836196899,
			0.96689140796661377,
			0.96689128875732422,
			0.96689128875732422,
			0.96689134836196899,
			0.96689134836196899,
			0.96689134836196899,
			0.96689134836196899,
			0.96689134836196899,
			0.96689140796661377,
			0.96689128875732422,
			0.96689128875732422,
			0.96689134836196899,
			0.96689134836196899,
			0.96689134836196899,
			0.96689134836196899,
			0.96689134836196899,
			0.96689140796661377,
			0.96689128875732422,
			0.96689128875732422,
			0.96689134836196899,
			0.96689134836196899,
			0.96689134836196899,
			0.96689134836196899,
			0.96689134836196899,
			0.96689140796661377,
			0.96689128875732422,
			0.96689128875732422,
			0.96689134836196899,
			0.96689134836196899,
			0.96689134836196899,
			0.96689134836196899,
			0.96689134836196899,
			0.96689140796661377,
			0.96689128875732422,
			0.96689128875732422,
			0.96689134836196899,
			0.96689134836196899,
			0.96689134836196899,
			0.96689134836196899,
			0.96689134836196899,
			0.96689140796661377
		],
		[
			0.96689128875732422,
			0.96689128875732422,
			0.96689134836196899,
			0.96689134836196899,
			0.96689134836196899,
			0.96689134836196899,
			0.96689134836196899,
			0.96689140796661377,
			0.96689128875732422,
			0.96689128875732422,
			0.96689134836196899,
			0.96689134836196899,
			0.96689134836196899,
			0.96689134836196899,
			0.96689134836196899,
			0.96689140796661377,
			0.96689128875732422,
			0.96689128875732422,
			0.96689134836196899,
			0.96689134836196899,
			0.96689134836196899,
			0.96689134836196899,
			0.96689134836196899,
			0.96689140796661377,
			0.96689128875732422,
			0.96689128875732422,
			0.96689134836196899,
			0.96689134836196899,
			0.96689134836196899,
			0.96689134836196899,
			0.96689134836196899,
			0.96689140796661377,
			0.96689128875732422,
			0.96689128875732422,
			0.96689134836196899,
			0.96689134836196899,
			0.96689134836196899,
			0.96689134836196899,
			0.96689134836196899,
			0.96689140796661377,
			0.96689128875732422,
			0.96689128875732422,
			0.96689134836196899,
			0.96689134836196899,
			0.96689134836196899,
			0.96689134836196899,
			0.96689134836196899,
			0.96689140796661377
		],
		[
			0.96689134836196899,
			0.96689134836196899,
			0.96689134836196899,
			0.96689134836196899,
			0.96689134836196899,
			0.96689134836196899,
			0.96689140796661377,
			0.96689140796661377,
			0.96689134836196899,
			0.96689134836196899,
			0.96689134836196899,
			0.96689134836196899,
			0.96689134836196899,
			0.96689134836196899,
			0.96689140796661377,
			0.96689140796661377,
			0.96689134836196899,
			0.96689134836196899,
			0.96689134836196899,
			0.96689134836196899,
			0.96689134836196899,
			0.96689134836196899,
			0.96689140796661377,
			0.96689140796661377,
			0.96689134836196899,
			0.96689134836196899,
			0.96689134836196899,
			0.96689134836196899,
			0.96689134836196899,
			0.96689134836196899,
			0.96689140796661377,
			0.96689140796661377,
			0.96689134836196899,
			0.96689134836196899,
			0.96689134836196899,
			0.96689134836196899,
			0.96689134836196899,
			0.96689134836196899,
			0.96689140796661377,
			0.96689140796661377,
			0.96689134836196899,
			0.96689134836196899,
			0.96689134836196899,
			0.96689134836196899,
			0.96689134836196899,
			0.96689134836196899,
			0.96689140796661377,
			0.96689140796661377
		],
		[
			0.96689134836196899,
			0.96689134836196899,
			0.96689134836196899,
			0.96689134836196899,
			0.96689134836196899,
			0.96689134836196899,
			0.96689140796661377,
			0.96689140796661377,
			0.96689134836196899,
			0.96689134836196899,
			0.96689134836196899,
			0.96689134836196899,
			0.96689134836196899,
			0.96689134836196899,
			0.96689140796661377,
			0.96689140796661377,
			0.96689134836196899,
			0.96689134836196899,
			0.96689134836196899,
			0.96689134836196899,
			0.96689134836196899,
			0.96689134836196899,
			0.96689140796661377,
			0.96689140796661377,
			0.96689134836196899,
			0.96689134836196899,
			0.96689134836196899,
			0.96689134836196899,
			0.96689134836196899,
			0.96689134836196899,
			0.96689140796661377,
			0.96689140796661377,
			0.96689134836196899,
			0.96689134836196899,
			0.96689134836196899,
			0.96689134836196899,
			0.96689134836196899,
			0.96689134836196899,
			0.96689140796661377,
			0.96689140796661377,
			0.96689134836196899,
			0.96689134836196899,
			0.96689134836196899,
			0.96689134836196899,
			0.96689134836196899,
			0.96689134836196899,
			0.96689140796661377,
			0.96689140796661377
		],
		[
			0.96689134836196899,
			0.96689134836196899,
			0.96689134836196899,
			0.96689134836196899,
			0.96689134836196899,
			0.96689134836196899,
			0.96689134836196899,
			0.96689134836196899,
			0.96689134836196899,
			0.96689134836196899,
			0.96689134836196899,
			0.96689134836196899,
			0.96689134836196899,
			0.96689134836196899,
			0.96689134836196899,
			0.96689134836196899,
			0.96689134836196899,
			0.96689134836196899,
			0.96689134836196899,
			0.96689134836196899,
			0.96689134836196899,
			0.96689134836196899,
			0.96689134836196899,
			0.96689134836196899,
			0.96689134836196899,
			0.96689134836196899,
			0.96689134836196899,
			0.96689134836196899,
			0.96689134836196899,
			0.96689134836196899,
			0.96689134836196899,
			0.96689134836196899,
			0.96689134836196899,
			0.96689134836196899,
			0.96689134836196899,
			0.96689134836196899,
			0.96689134836196899,
			0.96689134836196899,
			0.96689134836196899,
			0.96689134836196899,
			0.96689134836196899,
			0.96689134836196899,
			0.96689134836196899,
			0.96689134836196899,
			0.96689134836196899,
			0.96689134836196899,
			0.96689134836196899,
			0.96689134836196899
		],
		[
			0.96689134836196899,
			0.96689134836196899,
			0.96689134836196899,
			0.96689134836196899,
			0.96689134836196899,
			0.96076840162277222,
			0.95464545488357544,
			0.94852256774902344,
			0.94239962100982666,
			0.93627673387527466,
			0.93015378713607788,
			0.9240308403968811,
			0.9240308403968811,
			0.92008686065673828,
			0.91614282131195068,
			0.91219884157180786,
			0.90825492143630981,
			0.90431094169616699,
			0.90036690235137939,
			0.89642292261123657,
			0.89642292261123657,
			0.90716552734375,
			0.91790807247161865,
			0.92865079641342163,
			0.93939334154129028,
			0.95013594627380371,
			0.96087855100631714,
			0.97162115573883057,
			0.97162115573883057,
			0.96843874454498291,
			0.96525633335113525,
			0.96207398176193237,
			0.95889151096343994,
			0.95570915937423706,
			0.9525267481803894,
			0.94934439659118652,
			0.94934439659118652,
			0.95185106992721558,
			0.95435774326324463,
			0.95686447620391846,
			0.95937120914459229,
			0.96187794208526611,
			0.96438461542129517,
			0.96689134836196899,
			0.96689134836196899,
			0.96689134836196899,
			0.96689128875732422,
			0.96689134836196899
		],
		[
			0.96689134836196899,
			0.96689134836196899,
			0.96689140796661377,
			0.96689140796661377,
			0.96689134836196899,
			0.95464545488357544,
			0.94239956140518188,
			0.93015372753143311,
			0.9179079532623291,
			0.90566205978393555,
			0.89341622591018677,
			0.88117039203643799,
			0.88117039203643799,
			0.87328231334686279,
			0.86539435386657715,
			0.8575063943862915,
			0.84961843490600586,
			0.84173041582107544,
			0.83384251594543457,
			0.82595449686050415,
			0.82595449686050415,
			0.84743964672088623,
			0.86892485618591309,
			0.89041006565093994,
			0.91189539432525635,
			0.93338054418563843,
			0.95486575365066528,
			0.97635102272033691,
			0.97635102272033691,
			0.96998614072799683,
			0.96362137794494629,
			0.9572564959526062,
			0.95089179277420044,
			0.9445270299911499,
			0.93816220760345459,
			0.93179738521575928,
			0.93179738521575928,
			0.93681073188781738,
			0.94182419776916504,
			0.94683760404586792,
			0.95185106992721558,
			0.95686447620391846,
			0.96187794208526611,
			0.96689140796661377,
			0.96689134836196899,
			0.96689128875732422,
			0.96689128875732422,
			0.96689128875732422
		],
		[
			0.96689140796661377,
			0.96689140796661377,
			0.96689140796661377,
			0.96689140796661377,
			0.96689134836196899,
			0.94852256774902344,
			0.93015372753143311,
			0.91178494691848755,
			0.89341622591018677,
			0.87504744529724121,
			0.85667866468429565,
			0.8383098840713501,
			0.8383098840713501,
			0.82647788524627686,
			0.81464588642120361,
			0.80281388759613037,
			0.79098200798034668,
			0.77915000915527344,
			0.7673180103302002,
			0.75548601150512695,
			0.75548607110977173,
			0.78771388530731201,
			0.81994163990020752,
			0.85216939449310303,
			0.88439732789993286,
			0.91662514209747314,
			0.94885295629501343,
			0.98108077049255371,
			0.98108077049255371,
			0.97153359651565552,
			0.96198630332946777,
			0.95243912935256958,
			0.94289195537567139,
			0.93334478139877319,
			0.923797607421875,
			0.91425037384033203,
			0.91425037384033203,
			0.92177051305770874,
			0.92929059267044067,
			0.93681073188781738,
			0.94433093070983887,
			0.95185112953186035,
			0.95937120914459229,
			0.96689140796661377,
			0.96689134836196899,
			0.96689134836196899,
			0.96689128875732422,
			0.96689128875732422
		],
		[
			0.96689128875732422,
			0.96689128875732422,
			0.96689134836196899,
			0.96689134836196899,
			0.96689134836196899,
			0.94239962100982666,
			0.9179079532623291,
			0.89341622591018677,
			0.86892449855804443,
			0.84443271160125732,
			0.81994104385375977,
			0.79544937610626221,
			0.79544931650161743,
			0.77967339754104614,
			0.76389741897583008,
			0.74812144041061401,
			0.73234546184539795,
			0.71656954288482666,
			0.7007935643196106,
			0.68501758575439453,
			0.68501758575439453,
			0.72798800468444824,
			0.77095842361450195,
			0.81392884254455566,
			0.85689926147460938,
			0.89986968040466309,
			0.94284015893936157,
			0.98581057786941528,
			0.98581057786941528,
			0.97308099269866943,
			0.96035134792327881,
			0.94762182235717773,
			0.93489217758178711,
			0.92216253280639648,
			0.90943300724029541,
			0.89670336246490479,
			0.89670336246490479,
			0.90673023462295532,
			0.91675704717636108,
			0.92678391933441162,
			0.93681073188781738,
			0.9468376636505127,
			0.95686447620391846,
			0.96689134836196899,
			0.96689134836196899,
			0.96689134836196899,
			0.96689134836196899,
			0.96689140796661377
		],
		[
			0.96689128875732422,
			0.96689128875732422,
			0.96689134836196899,
			0.96689134836196899,
			0.96689134836196899,
			0.93627673387527466,
			0.90566205978393555,
			0.87504744529724121,
			0.84443271160125732,
			0.81381809711456299,
			0.78320348262786865,
			0.75258886814117432,
			0.75258886814117432,
			0.73286890983581543,
			0.71314889192581177,
			0.69342899322509766,
			0.67370903491973877,
			0.65398901700973511,
			0.63426905870437622,
			0.61454916000366211,
			0.61454910039901733,
			0.66826218366622925,
			0.72197520732879639,
			0.77568823099136353,
			0.82940125465393066,
			0.8831142783164978,
			0.93682730197906494,
			0.99054038524627686,
			0.99054038524627686,
			0.97462838888168335,
			0.95871639251708984,
			0.94280433654785156,
			0.92689234018325806,
			0.91098034381866455,
			0.89506834745407104,
			0.87915635108947754,
			0.87915635108947754,
			0.8916899561882019,
			0.90422350168228149,
			0.91675710678100586,
			0.92929065227508545,
			0.94182419776916504,
			0.95435774326324463,
			0.96689134836196899,
			0.96689134836196899,
			0.96689134836196899,
			0.96689134836196899,
			0.96689140796661377
		],
		[
			0.96689134836196899,
			0.96689134836196899,
			0.96689134836196899,
			0.96689134836196899,
			0.96689134836196899,
			0.93015378713607788,
			0.89341622591018677,
			0.85667866468429565,
			0.81994104385375977,
			0.78320348262786865,
			0.74646592140197754,
			0.70972836017608643,
			0.70972836017608643,
			0.68606442213058472,
			0.66240048408508301,
			0.63873648643493652,
			0.61507254838943481,
			0.59140861034393311,
			0.56774461269378662,
			0.54408067464828491,
			0.54408067464828491,
			0.60853636264801025,
			0.67299199104309082,
			0.73744761943817139,
			0.80190324783325195,
			0.86635887622833252,
			0.93081456422805786,
			0.99527019262313843,
			0.99527019262313843,
			0.97617578506469727,
			0.95708143711090088,
			0.93798696994781494,
			0.91889262199401855,
			0.89979815483093262,
			0.88070380687713623,
			0.86160939931869507,
			0.86160939931869507,
			0.87664967775344849,
			0.89168989658355713,
			0.90673017501831055,
			0.92177051305770874,
			0.93681079149246216,
			0.95185106992721558,
			0.96689134836196899,
			0.96689134836196899,
			0.96689134836196899,
			0.96689140796661377,
			0.96689140796661377
		],
		[
			0.96689134836196899,
			0.96689134836196899,
			0.96689134836196899,
			0.96689134836196899,
			0.96689134836196899,
			0.9240308403968811,
			0.88117039203643799,
			0.8383098840713501,
			0.79544937610626221,
			0.75258886814117432,
			0.70972836017608643,
			0.66686785221099854,
			0.66686785221099854,
			0.639259934425354,
			0.6116519570350647,
			0.58404397964477539,
			0.55643606185913086,
			0.52882814407348633,
			0.50122016668319702,
			0.47361224889755249,
			0.47361224889755249,
			0.54881048202514648,
			0.62400877475738525,
			0.69920700788497925,
			0.77440524101257324,
			0.84960353374481201,
			0.92480176687240601,
			1,
			1,
			0.97772324085235596,
			0.95544642210006714,
			0.93316960334777832,
			0.9108927845954895,
			0.88861596584320068,
			0.86633920669555664,
			0.84406238794326782,
			0.84406238794326782,
			0.86160933971405029,
			0.87915635108947754,
			0.89670336246490479,
			0.91425037384033203,
			0.93179738521575928,
			0.94934433698654175,
			0.96689134836196899,
			0.96689134836196899,
			0.96689134836196899,
			0.96689140796661377,
			0.96689140796661377
		],
		[
			0.96689134836196899,
			0.96689134836196899,
			0.96689134836196899,
			0.96689134836196899,
			0.96689134836196899,
			0.9240308403968811,
			0.88117039203643799,
			0.8383098840713501,
			0.79544931650161743,
			0.75258886814117432,
			0.70972836017608643,
			0.66686785221099854,
			0.66686785221099854,
			0.639259934425354,
			0.6116519570350647,
			0.58404403924942017,
			0.55643606185913086,
			0.52882814407348633,
			0.50122016668319702,
			0.47361224889755249,
			0.47361224889755249,
			0.54881048202514648,
			0.62400877475738525,
			0.69920700788497925,
			0.77440524101257324,
			0.84960353374481201,
			0.92480176687240601,
			1,
			1,
			0.97772324085235596,
			0.95544642210006714,
			0.93316954374313354,
			0.9108927845954895,
			0.88861596584320068,
			0.86633920669555664,
			0.84406238794326782,
			0.84406238794326782,
			0.86160933971405029,
			0.87915635108947754,
			0.89670336246490479,
			0.91425037384033203,
			0.9317973256111145,
			0.94934433698654175,
			0.96689134836196899,
			0.96689134836196899,
			0.96689134836196899,
			0.96689134836196899,
			0.96689134836196899
		],
		[
			0.96689134836196899,
			0.96689134836196899,
			0.96689134836196899,
			0.96689134836196899,
			0.96689134836196899,
			0.91820764541625977,
			0.86952388286590576,
			0.82084012031555176,
			0.77215641736984253,
			0.7234727144241333,
			0.67478901147842407,
			0.62610530853271484,
			0.62610530853271484,
			0.60496151447296143,
			0.58381783962249756,
			0.56267410516738892,
			0.54153043031692505,
			0.52038669586181641,
			0.49924302101135254,
			0.4780992865562439,
			0.4780992865562439,
			0.54703456163406372,
			0.61596977710723877,
			0.68490505218505859,
			0.75384020805358887,
			0.82277548313140869,
			0.89171069860458374,
			0.96064597368240356,
			0.96064597368240356,
			0.92707973718643188,
			0.89351350069046021,
			0.85994726419448853,
			0.82638108730316162,
			0.79281479120254517,
			0.75924861431121826,
			0.72568237781524658,
			0.72568237781524658,
			0.76014077663421631,
			0.79459917545318604,
			0.82905763387680054,
			0.86351609230041504,
			0.89797449111938477,
			0.93243294954299927,
			0.96689134836196899,
			0.96689134836196899,
			0.96689134836196899,
			0.96689128875732422,
			0.96689134836196899
		],
		[
			0.96689134836196899,
			0.96689134836196899,
			0.96689140796661377,
			0.96689140796661377,
			0.96689134836196899,
			0.91238439083099365,
			0.85787737369537354,
			0.80337047576904297,
			0.74886351823806763,
			0.69435656070709229,
			0.63984966278076172,
			0.58534270524978638,
			0.58534270524978638,
			0.5706632137298584,
			0.55598372220993042,
			0.54130429029464722,
			0.52662479877471924,
			0.51194524765014648,
			0.49726581573486328,
			0.48258635401725769,
			0.48258635401725769,
			0.54525858163833618,
			0.60793077945709229,
			0.67060297727584839,
			0.73327523469924927,
			0.79594743251800537,
			0.85861968994140625,
			0.92129194736480713,
			0.92129194736480713,
			0.87643623352050781,
			0.83158063888549805,
			0.78672492504119873,
			0.74186933040618896,
			0.69701367616653442,
			0.65215802192687988,
			0.60730242729187012,
			0.60730242729187012,
			0.65867221355438232,
			0.71004211902618408,
			0.76141196489334106,
			0.81278181076049805,
			0.86415165662765503,
			0.91552150249481201,
			0.96689140796661377,
			0.96689134836196899,
			0.96689128875732422,
			0.96689128875732422,
			0.96689128875732422
		],
		[
			0.96689140796661377,
			0.96689140796661377,
			0.96689140796661377,
			0.96689140796661377,
			0.96689134836196899,
			0.90656113624572754,
			0.84623098373413086,
			0.7859007716178894,
			0.7255706787109375,
			0.66524046659469604,
			0.60491025447845459,
			0.54458010196685791,
			0.54458010196685791,
			0.5363648533821106,
			0.52814960479736328,
			0.51993435621261597,
			0.51171910762786865,
			0.50350385904312134,
			0.49528864026069641,
			0.48707342147827148,
			0.48707342147827148,
			0.54348260164260864,
			0.5998917818069458,
			0.65630102157592773,
			0.71271026134490967,
			0.76911944150924683,
			0.82552862167358398,
			0.88193780183792114,
			0.88193780183792114,
			0.82579278945922852,
			0.76964771747589111,
			0.71350264549255371,
			0.65735757350921631,
			0.60121250152587891,
			0.54506748914718628,
			0.48892241716384888,
			0.48892241716384888,
			0.55720371007919312,
			0.62548494338989258,
			0.69376623630523682,
			0.76204752922058105,
			0.83032882213592529,
			0.89861011505126953,
			0.96689140796661377,
			0.96689134836196899,
			0.96689134836196899,
			0.96689128875732422,
			0.96689128875732422
		],
		[
			0.96689128875732422,
			0.96689128875732422,
			0.96689134836196899,
			0.96689134836196899,
			0.96689134836196899,
			0.9007379412651062,
			0.83458453416824341,
			0.76843118667602539,
			0.70227771997451782,
			0.63612425327301025,
			0.56997090578079224,
			0.50381749868392944,
			0.50381749868392944,
			0.50206649303436279,
			0.50031548738479614,
			0.49856451153755188,
			0.49681350588798523,
			0.49506247043609619,
			0.49331146478652954,
			0.49156045913696289,
			0.49156045913696289,
			0.54170668125152588,
			0.59185284376144409,
			0.6419990062713623,
			0.69214522838592529,
			0.74229145050048828,
			0.79243761301040649,
			0.84258377552032471,
			0.84258377552032471,
			0.77514928579330444,
			0.70771485567092896,
			0.64028030633926392,
			0.57284581661224365,
			0.50541138648986816,
			0.4379768967628479,
			0.37054243683815002,
			0.37054243683815002,
			0.45573511719703674,
			0.54092782735824585,
			0.62612056732177734,
			0.71131324768066406,
			0.79650592803955078,
			0.88169866800308228,
			0.96689134836196899,
			0.96689134836196899,
			0.96689134836196899,
			0.96689134836196899,
			0.96689140796661377
		],
		[
			0.96689128875732422,
			0.96689128875732422,
			0.96689134836196899,
			0.96689134836196899,
			0.96689134836196899,
			0.89491468667984009,
			0.82293808460235596,
			0.75096148252487183,
			0.67898482084274292,
			0.60700815916061401,
			0.53503155708312988,
			0.46305492520332336,
			0.46305492520332336,
			0.46776813268661499,
			0.472481369972229,
			0.47719460725784302,
			0.48190781474113464,
			0.48662102222442627,
			0.49133428931236267,
			0.49604752659797668,
			0.49604752659797668,
			0.53993070125579834,
			0.58381390571594238,
			0.62769705057144165,
			0.67158019542694092,
			0.71546339988708496,
			0.75934654474258423,
			0.80322974920272827,
			0.80322974920272827,
			0.72450584173202515,
			0.64578193426132202,
			0.5670580267906189,
			0.48833414912223816,
			0.40961024165153503,
			0.3308863639831543,
			0.25216245651245117,
			0.25216245651245117,
			0.35426658391952515,
			0.45637071132659912,
			0.5584748387336731,
			0.66057896614074707,
			0.76268309354782104,
			0.86478722095489502,
			0.96689134836196899,
			0.96689134836196899,
			0.96689134836196899,
			0.96689134836196899,
			0.96689140796661377
		],
		[
			0.96689134836196899,
			0.96689134836196899,
			0.96689134836196899,
			0.96689134836196899,
			0.96689134836196899,
			0.88909149169921875,
			0.81129163503646851,
			0.73349177837371826,
			0.65569192171096802,
			0.57789206504821777,
			0.50009214878082275,
			0.42229235172271729,
			0.4222923219203949,
			0.43346977233886719,
			0.44464725255966187,
			0.45582470297813416,
			0.46700218319892883,
			0.47817963361740112,
			0.4893571138381958,
			0.50053459405899048,
			0.50053459405899048,
			0.5381547212600708,
			0.5757749080657959,
			0.61339503526687622,
			0.65101522207260132,
			0.68863534927368164,
			0.72625553607940674,
			0.76387566328048706,
			0.76387566328048706,
			0.67386233806610107,
			0.58384901285171509,
			0.49383571743965149,
			0.4038223922252655,
			0.3138090968132019,
			0.22379578649997711,
			0.13378247618675232,
			0.13378247618675232,
			0.25279802083969116,
			0.37181359529495239,
			0.49082913994789124,
			0.60984468460083008,
			0.72886025905609131,
			0.84787583351135254,
			0.96689134836196899,
			0.96689134836196899,
			0.96689134836196899,
			0.96689140796661377,
			0.96689140796661377
		],
		[
			0.96689134836196899,
			0.96689134836196899,
			0.96689134836196899,
			0.96689134836196899,
			0.96689134836196899,
			0.88326829671859741,
			0.79964518547058105,
			0.71602213382720947,
			0.63239896297454834,
			0.54877591133117676,
			0.46515282988548279,
			0.38152974843978882,
			0.38152974843978882,
			0.39917147159576416,
			0.41681316494941711,
			0.43445485830307007,
			0.45209655165672302,
			0.46973824501037598,
			0.48737993836402893,
			0.50502163171768188,
			0.50502163171768188,
			0.53637880086898804,
			0.56773591041564941,
			0.59909307956695557,
			0.63045018911361694,
			0.6618073582649231,
			0.69316446781158447,
			0.72452163696289062,
			0.72452163696289062,
			0.62321889400482178,
			0.52191615104675293,
			0.42061343789100647,
			0.31931069493293762,
			0.21800795197486877,
			0.11670522391796112,
			0.015402495861053467,
			0.015402495861053467,
			0.15132948756217957,
			0.28725647926330566,
			0.42318344116210938,
			0.55911046266555786,
			0.69503742456436157,
			0.83096438646316528,
			0.96689134836196899,
			0.96689134836196899,
			0.96689134836196899,
			0.96689140796661377,
			0.96689140796661377
		],
		[
			0.96689134836196899,
			0.96689134836196899,
			0.96689134836196899,
			0.96689134836196899,
			0.96689134836196899,
			0.88326829671859741,
			0.79964518547058105,
			0.71602213382720947,
			0.63239896297454834,
			0.54877591133117676,
			0.46515282988548279,
			0.38152974843978882,
			0.38152974843978882,
			0.39917144179344177,
			0.41681316494941711,
			0.43445482850074768,
			0.45209655165672302,
			0.46973824501037598,
			0.48737993836402893,
			0.50502163171768188,
			0.50502163171768188,
			0.53637880086898804,
			0.56773591041564941,
			0.59909307956695557,
			0.63045018911361694,
			0.6618073582649231,
			0.69316452741622925,
			0.72452163696289062,
			0.72452163696289062,
			0.62321889400482178,
			0.52191615104675293,
			0.42061343789100647,
			0.31931069493293762,
			0.21800795197486877,
			0.11670522391796112,
			0.015402495861053467,
			0.015402495861053467,
			0.15132948756217957,
			0.28725647926330566,
			0.42318344116210938,
			0.55911046266555786,
			0.69503742456436157,
			0.83096438646316528,
			0.96689134836196899,
			0.96689134836196899,
			0.96689134836196899,
			0.96689134836196899,
			0.96689134836196899
		],
		[
			0.96689134836196899,
			0.96689134836196899,
			0.96689134836196899,
			0.96689134836196899,
			0.96689134836196899,
			0.88684403896331787,
			0.80679672956466675,
			0.72674942016601562,
			0.6467021107673645,
			0.56665480136871338,
			0.48660752177238464,
			0.40656024217605591,
			0.40656024217605591,
			0.42719447612762451,
			0.44782871007919312,
			0.46846297383308411,
			0.4890972375869751,
			0.5097314715385437,
			0.5303657054901123,
			0.55099999904632568,
			0.55099999904632568,
			0.57659709453582764,
			0.60219430923461914,
			0.62779140472412109,
			0.6533886194229126,
			0.67898577451705933,
			0.70458292961120605,
			0.73018008470535278,
			0.73018008470535278,
			0.62775462865829468,
			0.52532923221588135,
			0.42290380597114563,
			0.32047837972640991,
			0.21805296838283539,
			0.11562754958868027,
			0.013202130794525146,
			0.013202130794525146,
			0.14944346249103546,
			0.28568479418754578,
			0.42192608118057251,
			0.55816745758056641,
			0.69440871477127075,
			0.83065003156661987,
			0.96689134836196899,
			0.96689134836196899,
			0.96689134836196899,
			0.96689128875732422,
			0.96689134836196899
		],
		[
			0.96689134836196899,
			0.96689134836196899,
			0.96689140796661377,
			0.96689140796661377,
			0.96689134836196899,
			0.89041978120803833,
			0.81394827365875244,
			0.73747676610946655,
			0.66100525856018066,
			0.58453375101089478,
			0.50806224346160889,
			0.431590735912323,
			0.431590735912323,
			0.45521751046180725,
			0.47884434461593628,
			0.50247108936309814,
			0.52609789371490479,
			0.54972469806671143,
			0.57335150241851807,
			0.59697830677032471,
			0.59697830677032471,
			0.61681550741195679,
			0.63665270805358887,
			0.65648984909057617,
			0.67632699012756348,
			0.69616419076919556,
			0.71600139141082764,
			0.73583853244781494,
			0.73583853244781494,
			0.63229042291641235,
			0.52874231338500977,
			0.42519420385360718,
			0.32164609432220459,
			0.21809795498847961,
			0.11454986780881882,
			0.011001765727996826,
			0.011001765727996826,
			0.14755742251873016,
			0.2841130793094635,
			0.42066872119903564,
			0.55722439289093018,
			0.69378006458282471,
			0.83033573627471924,
			0.96689140796661377,
			0.96689134836196899,
			0.96689128875732422,
			0.96689128875732422,
			0.96689128875732422
		],
		[
			0.96689140796661377,
			0.96689140796661377,
			0.96689140796661377,
			0.96689140796661377,
			0.96689134836196899,
			0.89399564266204834,
			0.82109987735748291,
			0.74820411205291748,
			0.67530840635299683,
			0.60241270065307617,
			0.52951693534851074,
			0.4566211998462677,
			0.4566211998462677,
			0.48324054479598999,
			0.50985991954803467,
			0.53647923469543457,
			0.56309860944747925,
			0.58971798419952393,
			0.61633729934692383,
			0.64295661449432373,
			0.64295661449432373,
			0.65703380107879639,
			0.67111098766326904,
			0.6851881742477417,
			0.69926542043685913,
			0.71334254741668701,
			0.72741979360580444,
			0.7414969801902771,
			0.7414969801902771,
			0.63682615756988525,
			0.53215539455413818,
			0.42748460173606873,
			0.32281377911567688,
			0.21814298629760742,
			0.11347219347953796,
			0.0088014006614685059,
			0.0088014006614685059,
			0.14567139744758606,
			0.28254139423370361,
			0.41941136121749878,
			0.5562814474105835,
			0.69315135478973389,
			0.83002138137817383,
			0.96689140796661377,
			0.96689134836196899,
			0.96689134836196899,
			0.96689128875732422,
			0.96689128875732422
		],
		[
			0.96689128875732422,
			0.96689128875732422,
			0.96689134836196899,
			0.96689134836196899,
			0.96689134836196899,
			0.8975713849067688,
			0.82825148105621338,
			0.75893151760101318,
			0.68961155414581299,
			0.62029159069061279,
			0.5509716272354126,
			0.48165169358253479,
			0.48165169358253479,
			0.51126360893249512,
			0.54087549448013306,
			0.570487380027771,
			0.60009926557540894,
			0.62971115112304688,
			0.65932309627532959,
			0.68893498182296753,
			0.68893498182296753,
			0.69725221395492554,
			0.70556938648223877,
			0.71388661861419678,
			0.72220379114151001,
			0.73052102327346802,
			0.73883819580078125,
			0.74715542793273926,
			0.74715542793273926,
			0.64136195182800293,
			0.5355684757232666,
			0.42977499961853027,
			0.32398146390914917,
			0.21818798780441284,
			0.11239451169967651,
			0.0066010351292788982,
			0.0066010351292788982,
			0.14378535747528076,
			0.28096970915794373,
			0.4181540310382843,
			0.55533838272094727,
			0.69252270460128784,
			0.82970702648162842,
			0.96689134836196899,
			0.96689134836196899,
			0.96689134836196899,
			0.96689134836196899,
			0.96689140796661377
		],
		[
			0.96689128875732422,
			0.96689128875732422,
			0.96689134836196899,
			0.96689134836196899,
			0.96689134836196899,
			0.90114712715148926,
			0.83540302515029907,
			0.76965880393981934,
			0.70391464233398438,
			0.63817048072814941,
			0.57242631912231445,
			0.50668215751647949,
			0.50668215751647949,
			0.53928661346435547,
			0.57189106941223145,
			0.60449552536010742,
			0.6370999813079834,
			0.6697043776512146,
			0.70230883359909058,
			0.73491328954696655,
			0.73491328954696655,
			0.73747050762176514,
			0.74002772569656372,
			0.74258500337600708,
			0.74514222145080566,
			0.74769937992095947,
			0.75025665760040283,
			0.75281387567520142,
			0.75281387567520142,
			0.64589774608612061,
			0.53898149728775024,
			0.43206533789634705,
			0.32514914870262146,
			0.21823300421237946,
			0.11131683737039566,
			0.0044006705284118652,
			0.0044006705284118652,
			0.14189934730529785,
			0.27939802408218384,
			0.41689670085906982,
			0.55439531803131104,
			0.69189399480819702,
			0.82939267158508301,
			0.96689134836196899,
			0.96689134836196899,
			0.96689134836196899,
			0.96689134836196899,
			0.96689140796661377
		],
		[
			0.96689134836196899,
			0.96689134836196899,
			0.96689134836196899,
			0.96689134836196899,
			0.96689134836196899,
			0.90472298860549927,
			0.84255456924438477,
			0.78038620948791504,
			0.71821779012680054,
			0.65604943037033081,
			0.59388101100921631,
			0.53171265125274658,
			0.53171265125274658,
			0.5673096776008606,
			0.60290664434432983,
			0.63850367069244385,
			0.67410063743591309,
			0.70969760417938232,
			0.74529463052749634,
			0.78089165687561035,
			0.78089165687561035,
			0.77768886089324951,
			0.77448612451553345,
			0.77128338813781738,
			0.76808059215545654,
			0.7648777961730957,
			0.76167505979537964,
			0.75847232341766357,
			0.75847232341766357,
			0.65043348073959351,
			0.54239457845687866,
			0.43435573577880859,
			0.32631686329841614,
			0.21827802062034607,
			0.11023915559053421,
			0.0022003054618835449,
			0.0022003054618835449,
			0.14001332223415375,
			0.27782633900642395,
			0.41563934087753296,
			0.55345237255096436,
			0.69126534461975098,
			0.82907837629318237,
			0.96689134836196899,
			0.96689134836196899,
			0.96689134836196899,
			0.96689140796661377,
			0.96689140796661377
		],
		[
			0.96689134836196899,
			0.96689134836196899,
			0.96689134836196899,
			0.96689134836196899,
			0.96689134836196899,
			0.90829873085021973,
			0.84970617294311523,
			0.79111355543136597,
			0.7325209379196167,
			0.67392838001251221,
			0.61533570289611816,
			0.55674314498901367,
			0.55674314498901367,
			0.59533268213272095,
			0.63392221927642822,
			0.67251181602478027,
			0.71110129356384277,
			0.74969089031219482,
			0.7882804274559021,
			0.82686996459960938,
			0.82686996459960938,
			0.81790721416473389,
			0.8089444637298584,
			0.79998171329498291,
			0.79101896286010742,
			0.78205627202987671,
			0.77309346199035645,
			0.76413077116012573,
			0.76413077116012573,
			0.65496921539306641,
			0.54580765962600708,
			0.43664613366127014,
			0.32748457789421082,
			0.21832302212715149,
			0.10916148126125336,
			-5.9604644775390625e-08,
			-5.9604644775390625e-08,
			0.13812729716300964,
			0.27625465393066406,
			0.41438198089599609,
			0.5525093674659729,
			0.69063669443130493,
			0.82876402139663696,
			0.96689134836196899,
			0.96689134836196899,
			0.96689134836196899,
			0.96689140796661377,
			0.96689140796661377
		],
		[
			0.96689134836196899,
			0.96689134836196899,
			0.96689134836196899,
			0.96689134836196899,
			0.96689134836196899,
			0.90829873085021973,
			0.84970617294311523,
			0.79111355543136597,
			0.7325209379196167,
			0.67392832040786743,
			0.61533576250076294,
			0.55674314498901367,
			0.55674314498901367,
			0.59533268213272095,
			0.63392221927642822,
			0.6725117564201355,
			0.71110135316848755,
			0.74969089031219482,
			0.7882804274559021,
			0.82686996459960938,
			0.82686996459960938,
			0.81790721416473389,
			0.80894452333450317,
			0.79998171329498291,
			0.7910190224647522,
			0.78205627202987671,
			0.77309352159500122,
			0.76413077116012573,
			0.76413077116012573,
			0.65496921539306641,
			0.54580765962600708,
			0.43664613366127014,
			0.32748457789421082,
			0.21832302212715149,
			0.10916148126125336,
			-5.9604644775390625e-08,
			-5.9604644775390625e-08,
			0.13812729716300964,
			0.27625465393066406,
			0.41438198089599609,
			0.5525093674659729,
			0.69063669443130493,
			0.82876402139663696,
			0.96689134836196899,
			0.96689134836196899,
			0.96689134836196899,
			0.96689134836196899,
			0.96689134836196899
		],
		[
			0.96689134836196899,
			0.96689134836196899,
			0.96689134836196899,
			0.96689134836196899,
			0.96689134836196899,
			0.91251164674758911,
			0.85813194513320923,
			0.80375224351882935,
			0.74937260150909424,
			0.69499289989471436,
			0.64061325788497925,
			0.58623355627059937,
			0.58623355627059937,
			0.62069690227508545,
			0.65516024827957153,
			0.68962365388870239,
			0.72408699989318848,
			0.75855040550231934,
			0.79301375150680542,
			0.8274770975112915,
			0.8274770975112915,
			0.82118940353393555,
			0.81490176916122437,
			0.80861407518386841,
			0.80232638120651245,
			0.79603862762451172,
			0.78975099325180054,
			0.7834632396697998,
			0.78346329927444458,
			0.68669480085372925,
			0.58992630243301392,
			0.49315780401229858,
			0.39638930559158325,
			0.29962083697319031,
			0.20285233855247498,
			0.10608385503292084,
			0.10608385503292084,
			0.22905635833740234,
			0.35202884674072266,
			0.47500136494636536,
			0.59797388315200806,
			0.72094637155532837,
			0.84391885995864868,
			0.96689134836196899,
			0.96689134836196899,
			0.96689134836196899,
			0.96689128875732422,
			0.96689134836196899
		],
		[
			0.96689134836196899,
			0.96689134836196899,
			0.96689140796661377,
			0.96689140796661377,
			0.96689134836196899,
			0.91672450304031372,
			0.866557776927948,
			0.8163909912109375,
			0.76622426509857178,
			0.71605753898620605,
			0.66589069366455078,
			0.61572396755218506,
			0.61572396755218506,
			0.64606112241744995,
			0.67639833688735962,
			0.70673549175262451,
			0.73707270622253418,
			0.76740992069244385,
			0.79774707555770874,
			0.82808429002761841,
			0.82808429002761841,
			0.82447165250778198,
			0.82085895538330078,
			0.81724637746810913,
			0.81363368034362793,
			0.8100210428237915,
			0.80640840530395508,
			0.80279576778411865,
			0.80279576778411865,
			0.71842038631439209,
			0.63404488563537598,
			0.54966950416564941,
			0.46529406309127808,
			0.38091862201690674,
			0.29654321074485779,
			0.21216776967048645,
			0.21216776967048645,
			0.31998541951179504,
			0.42780306935310364,
			0.53562074899673462,
			0.64343839883804321,
			0.75125604867935181,
			0.85907363891601562,
			0.96689140796661377,
			0.96689134836196899,
			0.96689128875732422,
			0.96689128875732422,
			0.96689128875732422
		],
		[
			0.96689140796661377,
			0.96689140796661377,
			0.96689140796661377,
			0.96689140796661377,
			0.96689134836196899,
			0.92093741893768311,
			0.87498360872268677,
			0.82902973890304565,
			0.78307592868804932,
			0.7371220588684082,
			0.69116818904876709,
			0.64521431922912598,
			0.64521431922912598,
			0.67142534255981445,
			0.69763636589050293,
			0.72384738922119141,
			0.75005841255187988,
			0.77626943588256836,
			0.80248045921325684,
			0.82869142293930054,
			0.82869142293930054,
			0.82775390148162842,
			0.82681626081466675,
			0.82587862014770508,
			0.82494103908538818,
			0.82400345802307129,
			0.82306587696075439,
			0.8221282958984375,
			0.8221282958984375,
			0.75014591217041016,
			0.67816358804702759,
			0.60618120431900024,
			0.5341988205909729,
			0.46221643686294556,
			0.39023405313491821,
			0.31825169920921326,
			0.31825166940689087,
			0.41091448068618774,
			0.50357729196548462,
			0.59624010324478149,
			0.68890297412872314,
			0.78156578540802002,
			0.87422859668731689,
			0.96689140796661377,
			0.96689134836196899,
			0.96689134836196899,
			0.96689128875732422,
			0.96689128875732422
		],
		[
			0.96689128875732422,
			0.96689128875732422,
			0.96689134836196899,
			0.96689134836196899,
			0.96689134836196899,
			0.92515039443969727,
			0.88340950012207031,
			0.84166854619979858,
			0.79992759227752686,
			0.75818657875061035,
			0.7164456844329834,
			0.67470479011535645,
			0.67470473051071167,
			0.69678956270217896,
			0.71887445449829102,
			0.7409592866897583,
			0.76304411888122559,
			0.7851288914680481,
			0.80721378326416016,
			0.82929861545562744,
			0.82929861545562744,
			0.8310360312461853,
			0.83277350664138794,
			0.83451098203659058,
			0.83624839782714844,
			0.83798587322235107,
			0.83972334861755371,
			0.84146082401275635,
			0.84146082401275635,
			0.781871497631073,
			0.72228217124938965,
			0.66269290447235107,
			0.60310351848602295,
			0.54351425170898438,
			0.48392492532730103,
			0.42433559894561768,
			0.42433559894561768,
			0.50184357166290283,
			0.57935154438018799,
			0.65685951709747314,
			0.7343674898147583,
			0.81187540292739868,
			0.88938343524932861,
			0.96689134836196899,
			0.96689134836196899,
			0.96689134836196899,
			0.96689134836196899,
			0.96689140796661377
		],
		[
			0.96689128875732422,
			0.96689128875732422,
			0.96689134836196899,
			0.96689134836196899,
			0.96689134836196899,
			0.92936331033706665,
			0.89183533191680908,
			0.85430729389190674,
			0.81677925586700439,
			0.77925121784210205,
			0.74172317981719971,
			0.70419520139694214,
			0.70419514179229736,
			0.72215378284454346,
			0.74011248350143433,
			0.75807112455368042,
			0.77602976560592651,
			0.79398846626281738,
			0.81194710731506348,
			0.82990574836730957,
			0.82990574836730957,
			0.83431828022003174,
			0.83873075246810913,
			0.84314334392547607,
			0.84755575656890869,
			0.85196828842163086,
			0.85638082027435303,
			0.86079329252243042,
			0.8607933521270752,
			0.81359708309173584,
			0.76640081405639648,
			0.71920454502105713,
			0.67200827598571777,
			0.62481200695037842,
			0.57761573791503906,
			0.53041952848434448,
			0.53041952848434448,
			0.59277266263961792,
			0.65512573719024658,
			0.71747887134552002,
			0.77983200550079346,
			0.84218508005142212,
			0.90453827381134033,
			0.96689134836196899,
			0.96689134836196899,
			0.96689134836196899,
			0.96689134836196899,
			0.96689140796661377
		],
		[
			0.96689134836196899,
			0.96689134836196899,
			0.96689134836196899,
			0.96689134836196899,
			0.96689134836196899,
			0.93357622623443604,
			0.90026116371154785,
			0.86694598197937012,
			0.83363091945648193,
			0.8003157377243042,
			0.76700067520141602,
			0.73368555307388306,
			0.73368555307388306,
			0.74751806259155273,
			0.76135051250457764,
			0.77518296241760254,
			0.78901547193527222,
			0.80284798145294189,
			0.8166804313659668,
			0.8305128812789917,
			0.83051294088363647,
			0.8376004695892334,
			0.8446880578994751,
			0.85177558660507202,
			0.85886317491531372,
			0.86595070362091064,
			0.87303829193115234,
			0.88012588024139404,
