{
	"heat_map" : 
	[
		[
			0.12663733959197998,
			0.12663733959197998,
			0.12663733959197998,
			0.12663733959197998,
			0.12663733959197998,
			0.12663733959197998,
			0.12663733959197998,
			0.12663733959197998,
			0.12663733959197998,
			0.12663733959197998,
			0.12663733959197998,
			0.12663733959197998,
			0.12663733959197998,
			0.12663733959197998,
			0.12663733959197998,
			0.12663733959197998,
			0.12663733959197998,
			0.12663733959197998,
			0.12663733959197998,
			0.12663733959197998,
			0.12663733959197998,
			0.12663733959197998,
			0.12663733959197998,
			0.12663733959197998,
			0.12663733959197998,
			0.12663733959197998,
			0.12663733959197998,
			0.12663733959197998,
			0.12663733959197998,
			0.12663733959197998,
			0.12663733959197998,
			0.12663733959197998,
			0.12663733959197998,
			0.12663733959197998,
			0.12663733959197998,
			0.12663733959197998,
			0.12663733959197998,
			0.12663733959197998,
			0.12663733959197998,
			0.12663733959197998,
			0.12663733959197998,
			0.12663733959197998,
			0.12663733959197998,
			0.12663733959197998,
			0.12663733959197998,
			0.12663733959197998,
			0.12663733959197998,
			0.12663733959197998
		],
		[
			0.12663733959197998,
			0.12663733959197998,
			0.12663733959197998,
			0.12663733959197998,
			0.12663733959197998,
			0.12663733959197998,
			0.12663733959197998,
			0.12663733959197998,
			0.12663733959197998,
			0.12663733959197998,
			0.12663733959197998,
			0.12663733959197998,
			0.12663733959197998,
			0.12663733959197998,
			0.12663733959197998,
			0.12663733959197998,
			0.12663733959197998,
			0.12663733959197998,
			0.12663733959197998,
			0.12663733959197998,
			0.12663733959197998,
			0.12663733959197998,
			0.12663733959197998,
			0.12663733959197998,
			0.12663733959197998,
			0.12663733959197998,
			0.12663733959197998,
			0.12663733959197998,
			0.12663733959197998,
			0.12663733959197998,
			0.12663733959197998,
			0.12663733959197998,
			0.12663733959197998,
			0.12663733959197998,
			0.12663733959197998,
			0.12663733959197998,
			0.12663733959197998,
			0.12663733959197998,
			0.12663733959197998,
			0.12663733959197998,
			0.12663733959197998,
			0.12663733959197998,
			0.12663733959197998,
			0.12663733959197998,
			0.12663733959197998,
			0.12663733959197998,
			0.12663733959197998,
			0.12663733959197998
		],
		[
			0.12663733959197998,
			0.12663733959197998,
			0.12663733959197998,
			0.12663733959197998,
			0.12663733959197998,
			0.12663733959197998,
			0.12663733959197998,
			0.12663733959197998,
			0.12663733959197998,
			0.12663733959197998,
			0.12663733959197998,
			0.12663733959197998,
			0.12663733959197998,
			0.12663733959197998,
			0.12663733959197998,
			0.12663733959197998,
			0.12663733959197998,
			0.12663733959197998,
			0.12663733959197998,
			0.12663733959197998,
			0.12663733959197998,
			0.12663733959197998,
			0.12663733959197998,
			0.12663733959197998,
			0.12663733959197998,
			0.12663733959197998,
			0.12663733959197998,
			0.12663733959197998,
			0.12663733959197998,
			0.12663733959197998,
			0.12663733959197998,
			0.12663733959197998,
			0.12663733959197998,
			0.12663733959197998,
			0.12663733959197998,
			0.12663733959197998,
			0.12663733959197998,
			0.12663733959197998,
			0.12663733959197998,
			0.12663733959197998,
			0.12663733959197998,
			0.12663733959197998,
			0.12663733959197998,
			0.12663733959197998,
			0.12663733959197998,
			0.12663733959197998,
			0.12663733959197998,
			0.12663733959197998
		],
		[
			0.12663733959197998,
			0.12663733959197998,
			0.12663733959197998,
			0.12663733959197998,
			0.12663733959197998,
			0.12663733959197998,
			0.12663733959197998,
			0.12663733959197998,
			0.12663733959197998,
			0.12663733959197998,
			0.12663733959197998,
			0.12663733959197998,
			0.12663733959197998,
			0.12663733959197998,
			0.12663733959197998,
			0.12663733959197998,
			0.12663733959197998,
			0.12663733959197998,
			0.12663733959197998,
			0.12663733959197998,
			0.12663733959197998,
			0.12663733959197998,
			0.12663733959197998,
			0.12663733959197998,
			0.12663733959197998,
			0.12663733959197998,
			0.12663733959197998,
			0.12663733959197998,
			0.12663733959197998,
			0.12663733959197998,
			0.12663733959197998,
			0.12663733959197998,
			0.12663733959197998,
			0.12663733959197998,
			0.12663733959197998,
			0.12663733959197998,
			0.12663733959197998,
			0.12663733959197998,
			0.12663733959197998,
			0.12663733959197998,
			0.12663733959197998,
			0.12663733959197998,
			0.12663733959197998,
			0.12663733959197998,
			0.12663733959197998,
			0.12663733959197998,
			0.12663733959197998,
			0.12663733959197998
		],
		[
			0.12663733959197998,
			0.12663733959197998,
			0.12663733959197998,
			0.12663733959197998,
			0.12663733959197998,
			0.12663733959197998,
			0.12663733959197998,
			0.12663733959197998,
			0.12663733959197998,
			0.12663733959197998,
			0.12663733959197998,
			0.12663733959197998,
			0.12663733959197998,
			0.12663733959197998,
			0.12663733959197998,
			0.12663733959197998,
			0.12663733959197998,
			0.12663733959197998,
			0.12663733959197998,
			0.12663733959197998,
			0.12663733959197998,
			0.12663733959197998,
			0.12663733959197998,
			0.12663733959197998,
			0.12663733959197998,
			0.12663733959197998,
			0.12663733959197998,
			0.12663733959197998,
			0.12663733959197998,
			0.12663733959197998,
			0.12663733959197998,
			0.12663733959197998,
			0.12663733959197998,
			0.12663733959197998,
			0.12663733959197998,
			0.12663733959197998,
			0.12663733959197998,
			0.12663733959197998,
			0.12663733959197998,
			0.12663733959197998,
			0.12663733959197998,
			0.12663733959197998,
			0.12663733959197998,
			0.12663733959197998,
			0.12663733959197998,
			0.12663733959197998,
			0.12663733959197998,
			0.12663733959197998
		],
		[
			0.12663733959197998,
			0.12663733959197998,
			0.12663733959197998,
			0.12663733959197998,
			0.12663733959197998,
			0.13460078835487366,
			0.14256426692008972,
			0.1505277156829834,
			0.15849117934703827,
			0.16645464301109314,
			0.17441809177398682,
			0.18238157033920288,
			0.18238155543804169,
			0.17661724984645844,
			0.17085294425487518,
			0.16508863866329193,
			0.15932431817054749,
			0.15356001257896423,
			0.14779569208621979,
			0.14203138649463654,
			0.14203138649463654,
			0.15000817179679871,
			0.15798495709896088,
			0.16596174240112305,
			0.17393851280212402,
			0.18191531300544739,
			0.18989208340644836,
			0.19786886870861053,
			0.19786886870861053,
			0.1974562406539917,
			0.19704364240169525,
			0.19663101434707642,
			0.19621837139129639,
			0.19580575823783875,
			0.1953931450843811,
			0.19498051702976227,
			0.19498051702976227,
			0.18521721661090851,
			0.17545390129089355,
			0.16569060087203979,
			0.15592727065086365,
			0.14616397023200989,
			0.13640065491199493,
			0.12663733959197998,
			0.12663733959197998,
			0.12663733959197998,
			0.12663733959197998,
			0.12663733959197998
		],
		[
			0.12663733959197998,
			0.12663733959197998,
			0.12663733959197998,
			0.12663733959197998,
			0.12663733959197998,
			0.14256426692008972,
			0.15849119424819946,
			0.17441810667514801,
			0.19034501910209656,
			0.2062719464302063,
			0.22219887375831604,
			0.23812580108642578,
			0.23812578618526459,
			0.22659716010093689,
			0.21506854891777039,
			0.20353992283344269,
			0.19201129674911499,
			0.18048268556594849,
			0.16895404458045959,
			0.15742543339729309,
			0.15742543339729309,
			0.17337900400161743,
			0.18933257460594177,
			0.20528613030910492,
			0.22123970091342926,
			0.23719325661659241,
			0.25314682722091675,
			0.26910039782524109,
			0.26910039782524109,
			0.26827514171600342,
			0.26744991540908813,
			0.26662468910217285,
			0.26579943299293518,
			0.26497417688369751,
			0.26414895057678223,
			0.26332369446754456,
			0.26332369446754456,
			0.24379707872867584,
			0.22427044808864594,
			0.20474383234977722,
			0.18521720170974731,
			0.1656905859708786,
			0.14616397023200989,
			0.12663733959197998,
			0.12663733959197998,
			0.12663733959197998,
			0.12663733959197998,
			0.12663733959197998
		],
		[
			0.12663733959197998,
			0.12663733959197998,
			0.12663733959197998,
			0.12663733959197998,
			0.12663733959197998,
			0.1505277156829834,
			0.17441810667514801,
			0.19830849766731262,
			0.22219887375831604,
			0.24608924984931946,
			0.26997962594032288,
			0.29387003183364868,
			0.29387000203132629,
			0.27657705545425415,
			0.25928413867950439,
			0.24199122190475464,
			0.2246982753276825,
			0.20740534365177155,
			0.1901124119758606,
			0.17281948029994965,
			0.17281948029994965,
			0.19674983620643616,
			0.22068017721176147,
			0.24461051821708679,
			0.2685408890247345,
			0.29247123003005981,
			0.31640157103538513,
			0.34033191204071045,
			0.34033191204071045,
			0.33909407258033752,
			0.33785620331764221,
			0.3366183340549469,
			0.33538049459457397,
			0.33414262533187866,
			0.33290475606918335,
			0.33166688680648804,
			0.33166688680648804,
			0.30237695574760437,
			0.2730870246887207,
			0.24379707872867584,
			0.21450713276863098,
			0.18521720170974731,
			0.15592727065086365,
			0.12663733959197998,
			0.12663733959197998,
			0.12663733959197998,
			0.12663733959197998,
			0.12663733959197998
		],
		[
			0.12663733959197998,
			0.12663733959197998,
			0.12663733959197998,
			0.12663733959197998,
			0.12663733959197998,
			0.15849117934703827,
			0.19034501910209656,
			0.22219887375831604,
			0.25405272841453552,
			0.28590655326843262,
			0.3177604079246521,
			0.34961426258087158,
			0.34961423277854919,
			0.3265569806098938,
			0.30349975824356079,
			0.2804425060749054,
			0.25738525390625,
			0.2343280017375946,
			0.2112707644701004,
			0.1882135272026062,
			0.1882135272026062,
			0.22012066841125488,
			0.25202780961990356,
			0.28393492102622986,
			0.31584206223487854,
			0.34774917364120483,
			0.37965631484985352,
			0.4115634560585022,
			0.4115634560585022,
			0.40991297364234924,
			0.40826249122619629,
			0.40661200881004333,
			0.40496152639389038,
			0.40331101417541504,
			0.40166056156158447,
			0.40001004934310913,
			0.40001007914543152,
			0.3609568178653717,
			0.32190355658531189,
			0.28285032510757446,
			0.24379707872867584,
			0.20474383234977722,
			0.1656905859708786,
			0.12663733959197998,
			0.12663733959197998,
			0.12663733959197998,
			0.12663733959197998,
			0.12663733959197998
		],
		[
			0.12663733959197998,
			0.12663733959197998,
			0.12663733959197998,
			0.12663733959197998,
			0.12663733959197998,
			0.16645464301109314,
			0.2062719464302063,
			0.24608924984931946,
			0.28590655326843262,
			0.32572382688522339,
			0.36554116010665894,
			0.40535846352577209,
			0.40535846352577209,
			0.37653687596321106,
			0.3477153480052948,
			0.31889379024505615,
			0.29007220268249512,
			0.26125067472457886,
			0.23242911696434021,
			0.20360755920410156,
			0.20360755920410156,
			0.24349148571491241,
			0.28337538242340088,
			0.32325929403305054,
			0.3631432056427002,
			0.40302711725234985,
			0.4429110586643219,
			0.48279500007629395,
			0.48279497027397156,
			0.48073187470436096,
			0.47866874933242798,
			0.47660565376281738,
			0.47454255819320679,
			0.47247946262359619,
			0.47041633725166321,
			0.46835324168205261,
			0.46835324168205261,
			0.41953667998313904,
			0.37072014808654785,
			0.32190355658531189,
			0.27308699488639832,
			0.22427044808864594,
			0.17545390129089355,
			0.12663733959197998,
			0.12663733959197998,
			0.12663733959197998,
			0.12663733959197998,
			0.12663733959197998
		],
		[
			0.12663733959197998,
			0.12663733959197998,
			0.12663733959197998,
			0.12663733959197998,
			0.12663733959197998,
			0.17441809177398682,
			0.22219887375831604,
			0.26997962594032288,
			0.3177604079246521,
			0.36554116010665894,
			0.41332191228866577,
			0.461102694272995,
			0.46110266447067261,
			0.42651680111885071,
			0.39193093776702881,
			0.3573451042175293,
			0.32275921106338501,
			0.28817331790924072,
			0.25358748435974121,
			0.21900162100791931,
			0.21900160610675812,
			0.26686230301856995,
			0.31472301483154297,
			0.3625836968421936,
			0.41044440865516663,
			0.45830509066581726,
			0.50616580247879028,
			0.55402648448944092,
			0.55402648448944092,
			0.55155074596405029,
			0.54907506704330444,
			0.54659932851791382,
			0.54412358999252319,
			0.54164785146713257,
			0.53917217254638672,
			0.53669637441635132,
			0.53669643402099609,
			0.47811657190322876,
			0.41953667998313904,
			0.3609568178653717,
			0.30237692594528198,
			0.24379706382751465,
			0.18521720170974731,
			0.12663733959197998,
			0.12663733959197998,
			0.12663733959197998,
			0.12663733959197998,
			0.12663733959197998
		],
		[
			0.12663733959197998,
			0.12663733959197998,
			0.12663733959197998,
			0.12663733959197998,
			0.12663733959197998,
			0.18238157033920288,
			0.23812580108642578,
			0.29387003183364868,
			0.34961426258087158,
			0.40535846352577209,
			0.461102694272995,
			0.51684689521789551,
			0.51684689521789551,
			0.47649669647216797,
			0.43614655733108521,
			0.39579635858535767,
			0.35544618964195251,
			0.31509602069854736,
			0.27474582195281982,
			0.23439565300941467,
			0.23439565300941467,
			0.29023313522338867,
			0.34607064723968506,
			0.40190809965133667,
			0.45774561166763306,
			0.51358306407928467,
			0.56942057609558105,
			0.62525802850723267,
			0.62525802850723267,
			0.62236970663070679,
			0.61948132514953613,
			0.61659300327301025,
			0.6137046217918396,
			0.61081624031066895,
			0.60792791843414307,
			0.60503959655761719,
			0.60503959655761719,
			0.53669637441635132,
			0.46835324168205261,
			0.40001007914543152,
			0.33166688680648804,
			0.26332369446754456,
			0.19498051702976227,
			0.12663733959197998,
			0.12663733959197998,
			0.12663733959197998,
			0.12663733959197998,
			0.12663733959197998
		],
		[
			0.12663733959197998,
			0.12663733959197998,
			0.12663733959197998,
			0.12663733959197998,
			0.12663733959197998,
			0.18238155543804169,
			0.23812578618526459,
			0.29387000203132629,
			0.34961423277854919,
			0.40535846352577209,
			0.46110266447067261,
			0.51684689521789551,
			0.51684689521789551,
			0.47649669647216797,
			0.43614655733108521,
			0.39579635858535767,
			0.35544618964195251,
			0.31509602069854736,
			0.27474582195281982,
			0.23439565300941467,
			0.23439565300941467,
			0.29023313522338867,
			0.34607061743736267,
			0.40190809965133667,
			0.45774558186531067,
			0.51358306407928467,
			0.56942057609558105,
			0.62525802850723267,
			0.62525802850723267,
			0.62236970663070679,
			0.61948132514953613,
			0.61659300327301025,
			0.6137046217918396,
			0.61081629991531372,
			0.60792791843414307,
			0.60503959655761719,
			0.60503959655761719,
			0.53669637441635132,
			0.46835324168205261,
			0.40001007914543152,
			0.33166688680648804,
			0.26332369446754456,
			0.19498051702976227,
			0.12663733959197998,
			0.12663733959197998,
			0.12663733959197998,
			0.12663733959197998,
			0.12663733959197998
		],
		[
			0.12663733959197998,
			0.12663733959197998,
			0.12663733959197998,
			0.12663733959197998,
			0.12663733959197998,
			0.18351702392101288,
			0.24039673805236816,
			0.29727640748023987,
			0.35415613651275635,
			0.41103580594062805,
			0.46791547536849976,
			0.52479517459869385,
			0.52479517459869385,
			0.47852593660354614,
			0.43225669860839844,
			0.38598749041557312,
			0.33971825242042542,
			0.29344901442527771,
			0.24717977643013,
			0.20091055333614349,
			0.20091055333614349,
			0.25397303700447083,
			0.30703550577163696,
			0.3600979745388031,
			0.41316044330596924,
			0.46622294187545776,
			0.51928538084030151,
			0.57234787940979004,
			0.57234787940979004,
			0.57555550336837769,
			0.57876312732696533,
			0.58197075128555298,
			0.5851784348487854,
			0.58838605880737305,
			0.59159362316131592,
			0.59480130672454834,
			0.59480130672454834,
			0.52792078256607056,
			0.46104016900062561,
			0.39415961503982544,
			0.32727900147438049,
			0.26039847731590271,
			0.19351790845394135,
			0.12663733959197998,
			0.12663733959197998,
			0.12663733959197998,
			0.12663733959197998,
			0.12663733959197998
		],
		[
			0.12663733959197998,
			0.12663733959197998,
			0.12663733959197998,
			0.12663733959197998,
			0.12663733959197998,
			0.18465250730514526,
			0.24266764521598816,
			0.30068281292915344,
			0.35869798064231873,
			0.41671311855316162,
			0.4747282862663269,
			0.53274345397949219,
			0.53274345397949219,
			0.48055514693260193,
			0.42836686968803406,
			0.37617859244346619,
			0.32399031519889832,
			0.27180200815200806,
			0.21961373090744019,
			0.16742546856403351,
			0.16742546856403351,
			0.21771292388439178,
			0.26800039410591125,
			0.31828784942626953,
			0.3685753345489502,
			0.41886278986930847,
			0.46915024518966675,
			0.51943767070770264,
			0.51943767070770264,
			0.52874135971069336,
			0.53804492950439453,
			0.5473484992980957,
			0.55665218830108643,
			0.5659557580947876,
			0.57525938749313354,
			0.58456301689147949,
			0.58456301689147949,
			0.51914507150650024,
			0.45372709631919861,
			0.38830915093421936,
			0.32289117574691772,
			0.25747323036193848,
			0.19205528497695923,
			0.12663733959197998,
			0.12663733959197998,
			0.12663733959197998,
			0.12663733959197998,
			0.12663733959197998
		],
		[
			0.12663733959197998,
			0.12663733959197998,
			0.12663733959197998,
			0.12663733959197998,
			0.12663733959197998,
			0.18578797578811646,
			0.24493858218193054,
			0.30408918857574463,
			0.36323985457420349,
			0.42239046096801758,
			0.48154109716415405,
			0.54069173336029053,
			0.54069167375564575,
			0.4825843870639801,
			0.42447704076766968,
			0.36636969447135925,
			0.30826234817504883,
			0.25015503168106079,
			0.19204771518707275,
			0.13394036889076233,
			0.13394036889076233,
			0.18145282566547394,
			0.22896528244018555,
			0.27647775411605835,
			0.32399019598960876,
			0.37150263786315918,
			0.41901507973670959,
			0.46652752161026001,
			0.4665275514125824,
			0.48192715644836426,
			0.49732673168182373,
			0.51272636651992798,
			0.52812594175338745,
			0.54352551698684692,
			0.55892515182495117,
			0.57432472705841064,
			0.57432472705841064,
			0.51036936044692993,
			0.44641405344009399,
			0.38245868682861328,
			0.31850335001945496,
			0.25454801321029663,
			0.19059267640113831,
			0.12663733959197998,
			0.12663733959197998,
			0.12663733959197998,
			0.12663733959197998,
			0.12663733959197998
		],
		[
			0.12663733959197998,
			0.12663733959197998,
			0.12663733959197998,
			0.12663733959197998,
			0.12663733959197998,
			0.18692342936992645,
			0.24720951914787292,
			0.30749562382698059,
			0.36778169870376587,
			0.42806780338287354,
			0.48835387825965881,
			0.54864001274108887,
			0.54864001274108887,
			0.48461359739303589,
			0.4205872118473053,
			0.35656082630157471,
			0.29253441095352173,
			0.22850804030895233,
			0.16448165476322174,
			0.10045528411865234,
			0.10045528411865234,
			0.14519272744655609,
			0.18993015587329865,
			0.23466759920120239,
			0.27940505743026733,
			0.32414248585700989,
			0.36887991428375244,
			0.41361737251281738,
			0.41361737251281738,
			0.43511292338371277,
			0.45660853385925293,
			0.4781041145324707,
			0.49959969520568848,
			0.52109527587890625,
			0.54259085655212402,
			0.5640864372253418,
			0.5640864372253418,
			0.50159370899200439,
			0.4391009509563446,
			0.37660825252532959,
			0.3141154944896698,
			0.25162279605865479,
			0.18913006782531738,
			0.12663733959197998,
			0.12663733959197998,
			0.12663733959197998,
			0.12663733959197998,
			0.12663733959197998
		],
		[
			0.12663733959197998,
			0.12663733959197998,
			0.12663733959197998,
			0.12663733959197998,
			0.12663733959197998,
			0.18805889785289764,
			0.24948045611381531,
			0.31090199947357178,
			0.37232357263565063,
			0.4337451159954071,
			0.49516665935516357,
			0.55658829212188721,
			0.55658823251724243,
			0.48664280772209167,
			0.41669735312461853,
			0.34675192832946777,
			0.27680647373199463,
			0.20686106383800507,
			0.13691562414169312,
			0.066970191895961761,
			0.066970191895961761,
			0.10893262177705765,
			0.15089505910873413,
			0.19285748898983002,
			0.2348199188709259,
			0.2767823338508606,
			0.31874477863311768,
			0.36070722341537476,
			0.36070719361305237,
			0.38829880952835083,
			0.41589033603668213,
			0.4434819221496582,
			0.4710734486579895,
			0.49866500496864319,
			0.52625656127929688,
			0.55384814739227295,
			0.55384814739227295,
			0.49281802773475647,
			0.43178790807723999,
			0.37075778841972351,
			0.30972766876220703,
			0.24869756400585175,
			0.18766745924949646,
			0.12663733959197998,
			0.12663733959197998,
			0.12663733959197998,
			0.12663733959197998,
			0.12663733959197998
		],
		[
			0.12663733959197998,
			0.12663733959197998,
			0.12663733959197998,
			0.12663733959197998,
			0.12663733959197998,
			0.18919436633586884,
			0.25175139307975769,
			0.31430840492248535,
			0.3768654465675354,
			0.43942245841026306,
			0.50197947025299072,
			0.56453651189804077,
			0.56453651189804077,
			0.48867201805114746,
			0.41280752420425415,
			0.33694306015968323,
			0.26107853651046753,
			0.18521407246589661,
			0.10934958606958389,
			0.033485103398561478,
			0.033485103398561478,
			0.072672531008720398,
			0.11185994744300842,
			0.15104737877845764,
			0.19023481011390686,
			0.22942221164703369,
			0.26860964298248291,
			0.30779704451560974,
			0.30779704451560974,
			0.34148460626602173,
			0.37517213821411133,
			0.40885967016220093,
			0.44254723191261292,
			0.4762347936630249,
			0.5099223256111145,
			0.5436098575592041,
			0.5436098575592041,
			0.48404237627983093,
			0.42447483539581299,
			0.36490735411643982,
			0.30533981323242188,
			0.24577233195304871,
			0.18620483577251434,
			0.12663733959197998,
			0.12663733959197998,
			0.12663733959197998,
			0.12663733959197998,
			0.12663733959197998
		],
		[
			0.12663733959197998,
			0.12663733959197998,
			0.12663733959197998,
			0.12663733959197998,
			0.12663733959197998,
			0.19032983481884003,
			0.25402233004570007,
			0.31771481037139893,
			0.38140732049942017,
			0.44509983062744141,
			0.50879228115081787,
			0.57248479127883911,
			0.57248479127883911,
			0.49070125818252563,
			0.40891769528388977,
			0.32713416218757629,
			0.24535062909126282,
			0.16356708109378815,
			0.08178354799747467,
			1.4901161193847656e-08,
			1.4901161193847656e-08,
			0.036412425339221954,
			0.072824835777282715,
			0.10923724621534348,
			0.14564965665340424,
			0.18206207454204559,
			0.21847447752952576,
			0.25488689541816711,
			0.25488689541816711,
			0.29467040300369263,
			0.33445394039154053,
			0.37423747777938843,
			0.41402098536491394,
			0.45380449295043945,
			0.49358806014060974,
			0.53337156772613525,
			0.53337156772613525,
			0.47526666522026062,
			0.41716179251670837,
			0.35905691981315613,
			0.30095201730728149,
			0.24284711480140686,
			0.18474222719669342,
			0.12663733959197998,
			0.12663733959197998,
			0.12663733959197998,
			0.12663733959197998,
			0.12663733959197998
		],
		[
			0.12663733959197998,
			0.12663733959197998,
			0.12663733959197998,
			0.12663733959197998,
			0.12663733959197998,
			0.19032983481884003,
			0.25402233004570007,
			0.31771481037139893,
			0.38140732049942017,
			0.44509980082511902,
			0.50879228115081787,
			0.57248479127883911,
			0.57248479127883911,
			0.49070125818252563,
			0.40891769528388977,
			0.32713416218757629,
			0.24535062909126282,
			0.16356708109378815,
			0.08178354799747467,
			1.4901161193847656e-08,
			1.4901161193847656e-08,
			0.036412429064512253,
			0.072824843227863312,
			0.10923725366592407,
			0.14564967155456543,
			0.18206207454204559,
			0.21847449243068695,
			0.25488689541816711,
			0.25488689541816711,
			0.29467043280601501,
			0.33445394039154053,
			0.37423747777938843,
			0.41402098536491394,
			0.45380452275276184,
			0.49358803033828735,
			0.53337156772613525,
			0.53337156772613525,
			0.47526666522026062,
			0.41716179251670837,
			0.35905691981315613,
			0.30095201730728149,
			0.24284711480140686,
			0.18474222719669342,
			0.12663733959197998,
			0.12663733959197998,
			0.12663733959197998,
			0.12663733959197998,
			0.12663733959197998
		],
		[
			0.12663733959197998,
			0.12663733959197998,
			0.12663733959197998,
			0.12663733959197998,
			0.12663733959197998,
			0.19252046942710876,
			0.25840359926223755,
			0.32428669929504395,
			0.39016985893249512,
			0.45605295896530151,
			0.52193605899810791,
			0.58781921863555908,
			0.58781921863555908,
			0.51224386692047119,
			0.43666848540306091,
			0.36109316349029541,
			0.28551781177520752,
			0.20994247496128082,
			0.13436713814735413,
			0.058791812509298325,
			0.058791816234588623,
			0.087742798030376434,
			0.11669378727674484,
			0.14564476907253265,
			0.17459574341773987,
			0.20354673266410828,
			0.23249772191047668,
			0.26144868135452271,
			0.26144868135452271,
			0.29860612750053406,
			0.33576354384422302,
			0.3729209303855896,
			0.41007834672927856,
			0.44723576307296753,
			0.48439317941665649,
			0.52155059576034546,
			0.52155059576034546,
			0.46513441205024719,
			0.40871822834014893,
			0.35230207443237305,
			0.29588586091995239,
			0.23946969211101532,
			0.18305352330207825,
			0.12663733959197998,
			0.12663733959197998,
			0.12663733959197998,
			0.12663733959197998,
			0.12663733959197998
		],
		[
			0.12663733959197998,
			0.12663733959197998,
			0.12663733959197998,
			0.12663733959197998,
			0.12663733959197998,
			0.19471108913421631,
			0.26278483867645264,
			0.33085858821868896,
			0.39893233776092529,
			0.46700608730316162,
			0.53507983684539795,
			0.60315358638763428,
			0.60315358638763428,
			0.53378641605377197,
			0.46441927552223206,
			0.39505216479301453,
			0.32568496465682983,
			0.25631788372993469,
			0.18695074319839478,
			0.11758361011743546,
			0.11758361756801605,
			0.13907316327095032,
			0.16056272387504578,
			0.18205228447914124,
			0.2035418301820755,
			0.22503139078617096,
			0.24652095139026642,
			0.26801049709320068,
			0.26801049709320068,
			0.3025418221950531,
			0.33707308769226074,
			0.37160441279411316,
			0.40613573789596558,
			0.44066703319549561,
			0.47519832849502563,
			0.50972962379455566,
			0.50972962379455566,
			0.45500215888023376,
			0.40027469396591187,
			0.34554719924926758,
			0.29081973433494568,
			0.23609225451946259,
			0.18136480450630188,
			0.12663733959197998,
			0.12663733959197998,
			0.12663733959197998,
			0.12663733959197998,
			0.12663733959197998
		],
		[
			0.12663733959197998,
			0.12663733959197998,
			0.12663733959197998,
			0.12663733959197998,
			0.12663733959197998,
			0.19690172374248505,
			0.26716610789299011,
			0.3374304473400116,
			0.40769484639167786,
			0.47795921564102173,
			0.54822361469268799,
			0.61848795413970947,
			0.61848795413970947,
			0.55532902479171753,
			0.4921700656414032,
			0.42901113629341125,
			0.36585217714309692,
			0.30269327759742737,
			0.23953433334827423,
			0.17637541890144348,
			0.17637540400028229,
			0.1904035359621048,
			0.20443166792392731,
			0.21845979988574982,
			0.23248791694641113,
			0.24651604890823364,
			0.26054418087005615,
			0.27457231283187866,
			0.27457231283187866,
			0.30647748708724976,
			0.33838269114494324,
			0.37028786540031433,
			0.4021930992603302,
			0.43409827351570129,
			0.46600347757339478,
			0.49790868163108826,
			0.49790868163108826,
			0.44486990571022034,
			0.39183112978935242,
			0.3387923538684845,
			0.28575360774993896,
			0.23271484673023224,
			0.17967608571052551,
			0.12663733959197998,
			0.12663733959197998,
			0.12663733959197998,
			0.12663733959197998,
			0.12663733959197998
		],
		[
			0.12663733959197998,
			0.12663733959197998,
			0.12663733959197998,
			0.12663733959197998,
			0.12663733959197998,
			0.19909234344959259,
			0.2715473473072052,
			0.344002366065979,
			0.41645735502243042,
			0.48891234397888184,
			0.56136733293533325,
			0.63382232189178467,
			0.63382232189178467,
			0.57687157392501831,
			0.51992082595825195,
			0.46297013759613037,
			0.40601938962936401,
			0.34906867146492004,
			0.29211795330047607,
			0.23516720533370972,
			0.23516722023487091,
			0.24173390865325928,
			0.24830061197280884,
			0.2548673152923584,
			0.26143401861190796,
			0.26800072193145752,
			0.27456742525100708,
			0.28113409876823425,
			0.28113409876823425,
			0.3104131817817688,
			0.33969229459762573,
			0.36897134780883789,
			0.39825043082237244,
			0.42752951383590698,
			0.45680862665176392,
			0.48608770966529846,
			0.48608770966529846,
			0.43473765254020691,
			0.38338759541511536,
			0.3320375382900238,
			0.28068748116493225,
			0.22933743894100189,
			0.17798739671707153,
			0.12663733959197998,
			0.12663733959197998,
			0.12663733959197998,
			0.12663733959197998,
			0.12663733959197998
		],
		[
			0.12663733959197998,
			0.12663733959197998,
			0.12663733959197998,
			0.12663733959197998,
			0.12663733959197998,
			0.20128297805786133,
			0.27592858672142029,
			0.35057419538497925,
			0.4252198338508606,
			0.49986547231674194,
			0.57451105117797852,
			0.64915668964385986,
			0.64915668964385986,
			0.59841418266296387,
			0.54767167568206787,
			0.49692913889884949,
			0.4461866021156311,
			0.39544403553009033,
			0.34470152854919434,
			0.29395899176597595,
			0.29395902156829834,
			0.29306429624557495,
			0.29216957092285156,
			0.29127484560012817,
			0.2903800904750824,
			0.28948533535003662,
			0.28859063982963562,
			0.28769591450691223,
			0.28769591450691223,
			0.31434887647628784,
			0.34100186824798584,
			0.36765483021736145,
			0.39430779218673706,
			0.42096078395843506,
			0.44761374592781067,
			0.47426670789718628,
			0.47426673769950867,
			0.42460536956787109,
			0.37494403123855591,
			0.32528269290924072,
			0.27562135457992554,
			0.22596000134944916,
			0.17629867792129517,
			0.12663733959197998,
			0.12663733959197998,
			0.12663733959197998,
			0.12663733959197998,
			0.12663733959197998
		],
		[
			0.12663733959197998,
			0.12663733959197998,
			0.12663733959197998,
			0.12663733959197998,
			0.12663733959197998,
			0.20347359776496887,
			0.28030985593795776,
			0.35714608430862427,
			0.43398237228393555,
			0.51081860065460205,
			0.58765482902526855,
			0.66449111700057983,
			0.66449111700057983,
			0.61995679140090942,
			0.57542246580123901,
			0.53088808059692383,
			0.48635375499725342,
			0.4418194591999054,
			0.3972851037979126,
			0.35275080800056458,
			0.35275080800056458,
			0.34439465403556824,
			0.3360385000705719,
			0.32768231630325317,
			0.31932616233825684,
			0.3109700083732605,
			0.30261385440826416,
			0.29425773024559021,
			0.29425770044326782,
			0.31828457117080688,
			0.34231144189834595,
			0.36633831262588501,
			0.39036518335342407,
			0.41439205408096313,
			0.43841889500617981,
			0.46244576573371887,
			0.46244576573371887,
			0.41447314620018005,
			0.36650049686431885,
			0.31852787733078003,
			0.27055522799491882,
			0.22258259356021881,
			0.1746099591255188,
			0.12663733959197998,
			0.12663733959197998,
			0.12663733959197998,
			0.12663733959197998,
			0.12663733959197998
		],
		[
			0.12663733959197998,
			0.12663733959197998,
			0.12663733959197998,
			0.12663733959197998,
			0.12663733959197998,
			0.20566421747207642,
			0.28469109535217285,
			0.36371797323226929,
			0.44274485111236572,
			0.52177172899246216,
			0.60079860687255859,
			0.67982548475265503,
			0.67982548475265503,
			0.64149934053421021,
			0.60317325592041016,
			0.56484711170196533,
			0.52652096748352051,
			0.48819482326507568,
			0.44986873865127563,
			0.41154259443283081,
			0.41154259443283081,
			0.39572501182556152,
			0.37990742921829224,
			0.36408984661102295,
			0.34827226400375366,
			0.33245468139648438,
			0.31663709878921509,
			0.3008195161819458,
			0.3008195161819458,
			0.32222029566764832,
			0.34362101554870605,
			0.36502176523208618,
			0.3864225447177887,
			0.40782329440116882,
			0.42922404408454895,
			0.45062479376792908,
			0.45062479376792908,
			0.40434086322784424,
			0.35805696249008179,
			0.31177303194999695,
			0.26548910140991211,
			0.21920517086982727,
			0.17292127013206482,
			0.12663733959197998,
			0.12663733959197998,
			0.12663733959197998,
			0.12663733959197998,
			0.12663733959197998
		],
		[
			0.12663733959197998,
			0.12663733959197998,
			0.12663733959197998,
			0.12663733959197998,
			0.12663733959197998,
			0.20566421747207642,
			0.28469109535217285,
			0.36371797323226929,
			0.44274488091468811,
			0.52177172899246216,
			0.60079860687255859,
			0.67982548475265503,
			0.67982548475265503,
			0.64149934053421021,
			0.60317325592041016,
			0.56484711170196533,
			0.52652096748352051,
			0.48819485306739807,
			0.44986870884895325,
			0.41154259443283081,
			0.41154259443283081,
			0.39572498202323914,
			0.37990742921829224,
			0.36408984661102295,
			0.34827226400375366,
			0.33245468139648438,
			0.31663709878921509,
			0.3008195161819458,
			0.3008195161819458,
			0.32222029566764832,
			0.34362101554870605,
			0.36502176523208618,
			0.3864225447177887,
			0.40782329440116882,
			0.42922404408454895,
			0.45062479376792908,
			0.45062479376792908,
			0.40434086322784424,
			0.35805696249008179,
			0.31177303194999695,
			0.26548910140991211,
			0.21920518577098846,
			0.17292125523090363,
			0.12663733959197998,
			0.12663733959197998,
			0.12663733959197998,
			0.12663733959197998,
			0.12663733959197998
		],
		[
			0.12663733959197998,
			0.12663733959197998,
			0.12663733959197998,
			0.12663733959197998,
			0.12663733959197998,
			0.21059522032737732,
			0.29455310106277466,
			0.37851101160049438,
			0.46246892213821411,
			0.54642677307128906,
			0.63038468360900879,
			0.71434253454208374,
			0.71434253454208374,
			0.68309473991394043,
			0.65184694528579712,
			0.62059921026229858,
			0.5893513560295105,
			0.55810350179672241,
			0.52685576677322388,
			0.49560791254043579,
			0.49560791254043579,
			0.47785419225692749,
			0.4601004421710968,
			0.44234669208526611,
			0.42459294199943542,
			0.40683922171592712,
			0.38908544182777405,
			0.37133172154426575,
			0.37133172154426575,
			0.38561767339706421,
			0.39990368485450745,
			0.4141896665096283,
			0.42847564816474915,
			0.44276162981987,
			0.45704764127731323,
			0.47133359313011169,
			0.47133359313011169,
			0.4220912754535675,
			0.37284895777702332,
			0.32360664010047913,
			0.27436429262161255,
			0.22512198984622955,
			0.17587964236736298,
			0.12663733959197998,
			0.12663733959197998,
			0.12663733959197998,
			0.12663733959197998,
			0.12663733959197998
		],
		[
			0.12663733959197998,
			0.12663733959197998,
			0.12663733959197998,
			0.12663733959197998,
			0.12663733959197998,
			0.21552622318267822,
			0.30441513657569885,
			0.39330404996871948,
			0.48219296336174011,
			0.57108187675476074,
			0.65997076034545898,
			0.74885964393615723,
			0.74885964393615723,
			0.72469013929367065,
			0.70052069425582886,
			0.67635118961334229,
			0.65218174457550049,
			0.62801223993301392,
			0.60384273529052734,
			0.57967329025268555,
			0.57967329025268555,
			0.55998337268829346,
			0.54029345512390137,
			0.52060353755950928,
			0.50091361999511719,
			0.48122373223304749,
			0.46153384447097778,
			0.44184392690658569,
			0.44184389710426331,
			0.44901514053344727,
			0.45618632435798645,
			0.46335756778717041,
			0.47052875161170959,
			0.47769999504089355,
			0.48487120866775513,
			0.4920424222946167,
			0.4920424222946167,
			0.43984168767929077,
			0.38764095306396484,
			0.3354402482509613,
			0.28323948383331299,
			0.23103877902030945,
			0.17883804440498352,
			0.12663733959197998,
			0.12663733959197998,
			0.12663733959197998,
			0.12663733959197998,
			0.12663733959197998
		],
		[
			0.12663733959197998,
			0.12663733959197998,
			0.12663733959197998,
			0.12663733959197998,
			0.12663733959197998,
			0.22045725584030151,
			0.31427717208862305,
			0.40809708833694458,
			0.50191700458526611,
			0.59573692083358765,
			0.68955683708190918,
			0.78337669372558594,
			0.78337669372558594,
			0.76628559827804565,
			0.74919438362121582,
			0.73210322856903076,
			0.7150120735168457,
			0.69792091846466064,
			0.68082976341247559,
			0.66373860836029053,
			0.66373860836029053,
			0.64211255311965942,
			0.62048643827438354,
			0.59886038303375244,
			0.57723432779312134,
			0.55560827255249023,
			0.53398215770721436,
			0.51235610246658325,
			0.51235610246658325,
			0.51241254806518555,
			0.51246899366378784,
			0.51252543926239014,
			0.51258188486099243,
			0.51263833045959473,
			0.51269477605819702,
			0.51275122165679932,
			0.51275122165679932,
			0.45759207010269165,
			0.40243297815322876,
			0.34727379679679871,
			0.29211470484733582,
			0.23695558309555054,
			0.18179646134376526,
			0.12663733959197998,
			0.12663733959197998,
			0.12663733959197998,
			0.12663733959197998,
			0.12663733959197998
		],
		[
			0.12663733959197998,
			0.12663733959197998,
			0.12663733959197998,
			0.12663733959197998,
			0.12663733959197998,
			0.22538825869560242,
			0.32413917779922485,
			0.42289012670516968,
			0.52164101600646973,
			0.62039196491241455,
			0.71914291381835938,
			0.81789380311965942,
			0.81789380311965942,
			0.80788099765777588,
			0.79786813259124756,
			0.78785526752471924,
			0.77784246206283569,
			0.76782965660095215,
			0.75781679153442383,
			0.74780398607254028,
			0.74780398607254028,
			0.72424173355102539,
			0.7006794810295105,
			0.67711728811264038,
			0.65355503559112549,
			0.62999272346496582,
			0.6064305305480957,
			0.58286833763122559,
			0.58286827802658081,
			0.5758100152015686,
			0.56875163316726685,
			0.56169331073760986,
			0.55463498830795288,
			0.5475766658782959,
			0.54051834344863892,
			0.53346002101898193,
			0.53346002101898193,
			0.47534248232841492,
			0.4172249436378479,
			0.35910743474960327,
			0.30098989605903625,
			0.24287238717079163,
			0.1847548633813858,
			0.12663733959197998,
			0.12663733959197998,
			0.12663733959197998,
			0.12663733959197998,
			0.12663733959197998
		],
		[
			0.12663733959197998,
			0.12663733959197998,
			0.12663733959197998,
			0.12663733959197998,
			0.12663733959197998,
			0.23031927645206451,
			0.33400118350982666,
			0.43768316507339478,
			0.54136502742767334,
			0.64504694938659668,
			0.74872899055480957,
			0.85241091251373291,
			0.85241085290908813,
			0.84947633743286133,
			0.8465418815612793,
			0.84360730648040771,
			0.84067285060882568,
			0.8377382755279541,
			0.83480381965637207,
			0.83186930418014526,
			0.83186930418014526,
			0.80637091398239136,
			0.78087252378463745,
			0.75537413358688354,
			0.72987568378448486,
			0.70437729358673096,
			0.67887890338897705,
			0.65338045358657837,
			0.65338051319122314,
			0.63920742273330688,
			0.62503427267074585,
			0.61086118221282959,
			0.59668809175491333,
			0.58251500129699707,
			0.56834185123443604,
			0.55416882038116455,
			0.55416882038116455,
			0.4930928647518158,
			0.43201696872711182,
			0.37094104290008545,
			0.30986508727073669,
			0.24878917634487152,
			0.18771326541900635,
			0.12663733959197998,
			0.12663733959197998,
			0.12663733959197998,
			0.12663733959197998,
			0.12663733959197998
		],
		[
			0.12663733959197998,
			0.12663733959197998,
			0.12663733959197998,
			0.12663733959197998,
			0.12663733959197998,
			0.23525029420852661,
			0.34386324882507324,
			0.45247617363929749,
			0.5610891580581665,
			0.66970205307006836,
			0.77831500768661499,
			0.88692790269851685,
			0.88692796230316162,
			0.89107173681259155,
			0.89521557092666626,
			0.89935940504074097,
			0.9035031795501709,
			0.90764701366424561,
			0.91179084777832031,
			0.91593468189239502,
			0.91593468189239502,
			0.88850009441375732,
			0.86106550693511963,
			0.83363097906112671,
			0.80619639158248901,
			0.77876180410385132,
