{
	"heat_map" : 
	[
		[
			0.81461989879608154,
			0.81461989879608154,
			0.81461989879608154,
			0.81461989879608154,
			0.81461989879608154,
			0.81461989879608154,
			0.81461989879608154,
			0.81461989879608154,
			0.81461989879608154,
			0.81461989879608154,
			0.81461989879608154,
			0.81461989879608154,
			0.81461989879608154,
			0.81461989879608154,
			0.81461989879608154,
			0.81461989879608154,
			0.81461989879608154,
			0.81461989879608154,
			0.81461989879608154,
			0.81461989879608154,
			0.81461989879608154,
			0.81461989879608154,
			0.81461989879608154,
			0.81461989879608154,
			0.81461989879608154,
			0.81461989879608154,
			0.81461989879608154,
			0.81461989879608154,
			0.81461989879608154,
			0.81461989879608154,
			0.81461989879608154,
			0.81461989879608154,
			0.81461989879608154,
			0.81461989879608154,
			0.81461989879608154,
			0.81461989879608154,
			0.81461989879608154,
			0.81461989879608154,
			0.81461989879608154,
			0.81461989879608154,
			0.81461989879608154,
			0.81461989879608154,
			0.81461989879608154,
			0.81461989879608154,
			0.81461989879608154,
			0.81461989879608154,
			0.81461989879608154,
			0.81461989879608154
		],
		[
			0.81461989879608154,
			0.81461989879608154,
			0.81461989879608154,
			0.81461989879608154,
			0.81461989879608154,
			0.81461989879608154,
			0.81461989879608154,
			0.81461989879608154,
			0.81461989879608154,
			0.81461989879608154,
			0.81461989879608154,
			0.81461989879608154,
			0.81461989879608154,
			0.81461989879608154,
			0.81461989879608154,
			0.81461989879608154,
			0.81461989879608154,
			0.81461989879608154,
			0.81461989879608154,
			0.81461989879608154,
			0.81461989879608154,
			0.81461989879608154,
			0.81461989879608154,
			0.81461989879608154,
			0.81461989879608154,
			0.81461989879608154,
			0.81461989879608154,
			0.81461989879608154,
			0.81461989879608154,
			0.81461989879608154,
			0.81461989879608154,
			0.81461989879608154,
			0.81461989879608154,
			0.81461989879608154,
			0.81461989879608154,
			0.81461989879608154,
			0.81461989879608154,
			0.81461989879608154,
			0.81461989879608154,
			0.81461989879608154,
			0.81461989879608154,
			0.81461989879608154,
			0.81461989879608154,
			0.81461989879608154,
			0.81461989879608154,
			0.81461989879608154,
			0.81461989879608154,
			0.81461989879608154
		],
		[
			0.81461989879608154,
			0.81461989879608154,
			0.81461989879608154,
			0.81461989879608154,
			0.81461989879608154,
			0.81461989879608154,
			0.81461989879608154,
			0.81461989879608154,
			0.81461989879608154,
			0.81461989879608154,
			0.81461989879608154,
			0.81461989879608154,
			0.81461989879608154,
			0.81461989879608154,
			0.81461989879608154,
			0.81461989879608154,
			0.81461989879608154,
			0.81461989879608154,
			0.81461989879608154,
			0.81461989879608154,
			0.81461989879608154,
			0.81461989879608154,
			0.81461989879608154,
			0.81461989879608154,
			0.81461989879608154,
			0.81461989879608154,
			0.81461989879608154,
			0.81461989879608154,
			0.81461989879608154,
			0.81461989879608154,
			0.81461989879608154,
			0.81461989879608154,
			0.81461989879608154,
			0.81461989879608154,
			0.81461989879608154,
			0.81461989879608154,
			0.81461989879608154,
			0.81461989879608154,
			0.81461989879608154,
			0.81461989879608154,
			0.81461989879608154,
			0.81461989879608154,
			0.81461989879608154,
			0.81461989879608154,
			0.81461989879608154,
			0.81461989879608154,
			0.81461989879608154,
			0.81461989879608154
		],
		[
			0.81461989879608154,
			0.81461989879608154,
			0.81461989879608154,
			0.81461989879608154,
			0.81461989879608154,
			0.81461989879608154,
			0.81461989879608154,
			0.81461989879608154,
			0.81461989879608154,
			0.81461989879608154,
			0.81461989879608154,
			0.81461989879608154,
			0.81461989879608154,
			0.81461989879608154,
			0.81461989879608154,
			0.81461989879608154,
			0.81461989879608154,
			0.81461989879608154,
			0.81461989879608154,
			0.81461989879608154,
			0.81461989879608154,
			0.81461989879608154,
			0.81461989879608154,
			0.81461989879608154,
			0.81461989879608154,
			0.81461989879608154,
			0.81461989879608154,
			0.81461989879608154,
			0.81461989879608154,
			0.81461989879608154,
			0.81461989879608154,
			0.81461989879608154,
			0.81461989879608154,
			0.81461989879608154,
			0.81461989879608154,
			0.81461989879608154,
			0.81461989879608154,
			0.81461989879608154,
			0.81461989879608154,
			0.81461989879608154,
			0.81461989879608154,
			0.81461989879608154,
			0.81461989879608154,
			0.81461989879608154,
			0.81461989879608154,
			0.81461989879608154,
			0.81461989879608154,
			0.81461989879608154
		],
		[
			0.81461989879608154,
			0.81461989879608154,
			0.81461989879608154,
			0.81461989879608154,
			0.81461989879608154,
			0.81461989879608154,
			0.81461989879608154,
			0.81461989879608154,
			0.81461989879608154,
			0.81461989879608154,
			0.81461989879608154,
			0.81461989879608154,
			0.81461989879608154,
			0.81461989879608154,
			0.81461989879608154,
			0.81461989879608154,
			0.81461989879608154,
			0.81461989879608154,
			0.81461989879608154,
			0.81461989879608154,
			0.81461989879608154,
			0.81461989879608154,
			0.81461989879608154,
			0.81461989879608154,
			0.81461989879608154,
			0.81461989879608154,
			0.81461989879608154,
			0.81461989879608154,
			0.81461989879608154,
			0.81461989879608154,
			0.81461989879608154,
			0.81461989879608154,
			0.81461989879608154,
			0.81461989879608154,
			0.81461989879608154,
			0.81461989879608154,
			0.81461989879608154,
			0.81461989879608154,
			0.81461989879608154,
			0.81461989879608154,
			0.81461989879608154,
			0.81461989879608154,
			0.81461989879608154,
			0.81461989879608154,
			0.81461989879608154,
			0.81461989879608154,
			0.81461989879608154,
			0.81461989879608154
		],
		[
			0.81461989879608154,
			0.81461989879608154,
			0.81461989879608154,
			0.81461989879608154,
			0.81461989879608154,
			0.81610465049743652,
			0.81758934259414673,
			0.81907403469085693,
			0.82055878639221191,
			0.82204353809356689,
			0.8235282301902771,
			0.82501298189163208,
			0.82501298189163208,
			0.82509702444076538,
			0.82518112659454346,
			0.82526510953903198,
			0.82534921169281006,
			0.82543325424194336,
			0.82551735639572144,
			0.82560139894485474,
			0.82560139894485474,
			0.82566910982131958,
			0.82573676109313965,
			0.82580441236495972,
			0.82587212324142456,
			0.82593977451324463,
			0.82600748538970947,
			0.82607519626617432,
			0.82607519626617432,
			0.82595628499984741,
			0.82583731412887573,
			0.82571834325790405,
			0.82559943199157715,
			0.82548058032989502,
			0.82536166906356812,
			0.82524275779724121,
			0.82524269819259644,
			0.82372522354125977,
			0.82220762968063354,
			0.82068997621536255,
			0.81917256116867065,
			0.81765496730804443,
			0.81613749265670776,
			0.81461989879608154,
			0.81461989879608154,
			0.81461989879608154,
			0.81461989879608154,
			0.81461983919143677
		],
		[
			0.81461989879608154,
			0.81461989879608154,
			0.81461989879608154,
			0.81461989879608154,
			0.81461989879608154,
			0.81758934259414673,
			0.82055878639221191,
			0.8235282301902771,
			0.82649767398834229,
			0.82946711778640747,
			0.83243656158447266,
			0.83540606498718262,
			0.83540600538253784,
			0.83557415008544922,
			0.83574223518371582,
			0.8359103798866272,
			0.8360784649848938,
			0.83624660968780518,
			0.83641469478607178,
			0.83658277988433838,
			0.83658283948898315,
			0.83671820163726807,
			0.83685356378555298,
			0.83698892593383789,
			0.8371242880821228,
			0.83725965023040771,
			0.83739501237869263,
			0.83753043413162231,
			0.83753043413162231,
			0.83729255199432373,
			0.83705472946166992,
			0.83681690692901611,
			0.83657902479171753,
			0.83634114265441895,
			0.83610332012176514,
			0.83586549758911133,
			0.83586549758911133,
			0.83283036947250366,
			0.82979530096054077,
			0.82676023244857788,
			0.82372516393661499,
			0.82069003582000732,
			0.81765496730804443,
			0.81461989879608154,
			0.81461989879608154,
			0.81461989879608154,
			0.81461989879608154,
			0.81461989879608154
		],
		[
			0.81461989879608154,
			0.81461989879608154,
			0.81461989879608154,
			0.81461989879608154,
			0.81461989879608154,
			0.81907403469085693,
			0.8235282301902771,
			0.82798242568969727,
			0.83243656158447266,
			0.8368908166885376,
			0.84134495258331299,
			0.84579908847808838,
			0.84579908847808838,
			0.84605127573013306,
			0.84630346298217773,
			0.84655559062957764,
			0.84680777788162231,
			0.84705996513366699,
			0.84731209278106689,
			0.84756428003311157,
			0.84756428003311157,
			0.84776735305786133,
			0.84797042608261108,
			0.84817349910736084,
			0.84837651252746582,
			0.8485795259475708,
			0.84878265857696533,
			0.84898567199707031,
			0.84898573160171509,
			0.8486289381980896,
			0.84827220439910889,
			0.8479154109954834,
			0.84755861759185791,
			0.84720182418823242,
			0.84684503078460693,
			0.84648829698562622,
			0.84648829698562622,
			0.84193563461303711,
			0.83738303184509277,
			0.83283036947250366,
			0.82827776670455933,
			0.82372516393661499,
			0.81917250156402588,
			0.81461989879608154,
			0.81461989879608154,
			0.81461983919143677,
			0.81461989879608154,
			0.81461989879608154
		],
		[
			0.81461989879608154,
			0.81461989879608154,
			0.81461989879608154,
			0.81461989879608154,
			0.81461989879608154,
			0.82055878639221191,
			0.82649767398834229,
			0.83243656158447266,
			0.83837544918060303,
			0.8443143367767334,
			0.85025334358215332,
			0.85619223117828369,
			0.85619217157363892,
			0.85652840137481689,
			0.85686463117599487,
			0.85720086097717285,
			0.85753715038299561,
			0.85787332057952881,
			0.85820955038070679,
			0.85854578018188477,
			0.85854578018188477,
			0.85881650447845459,
			0.85908728837966919,
			0.85935801267623901,
			0.85962867736816406,
			0.85989952087402344,
			0.86017024517059326,
			0.86044096946716309,
			0.86044096946716309,
			0.85996532440185547,
			0.8594895601272583,
			0.85901391506195068,
			0.85853815078735352,
			0.8580625057220459,
			0.85758680105209351,
			0.85711109638214111,
			0.85711109638214111,
			0.85104089975357056,
			0.84497076272964478,
			0.83890056610107422,
			0.83283042907714844,
			0.82676023244857788,
			0.82069003582000732,
			0.81461989879608154,
			0.81461989879608154,
			0.81461989879608154,
			0.81461989879608154,
			0.81461989879608154
		],
		[
			0.81461989879608154,
			0.81461989879608154,
			0.81461989879608154,
			0.81461989879608154,
			0.81461989879608154,
			0.82204353809356689,
			0.82946711778640747,
			0.8368908166885376,
			0.8443143367767334,
			0.85173797607421875,
			0.8591616153717041,
			0.86658525466918945,
			0.86658525466918945,
			0.86700552701950073,
			0.86742579936981201,
			0.86784613132476807,
			0.86826634407043457,
			0.86868667602539062,
			0.86910688877105713,
			0.86952722072601318,
			0.86952722072601318,
			0.86986565589904785,
			0.87020409107208252,
			0.87054252624511719,
			0.87088096141815186,
			0.87121939659118652,
			0.87155783176422119,
			0.87189626693725586,
			0.87189626693725586,
			0.87130165100097656,
			0.87070697546005249,
			0.87011235952377319,
			0.86951780319213867,
			0.86892306804656982,
			0.86832845211029053,
			0.86773389577865601,
			0.86773389577865601,
			0.860146164894104,
			0.85255849361419678,
			0.84497076272964478,
			0.83738303184509277,
			0.82979530096054077,
			0.82220757007598877,
			0.81461989879608154,
			0.81461989879608154,
			0.81461989879608154,
			0.81461989879608154,
			0.81461989879608154
		],
		[
			0.81461989879608154,
			0.81461989879608154,
			0.81461989879608154,
			0.81461989879608154,
			0.81461989879608154,
			0.8235282301902771,
			0.83243656158447266,
			0.84134495258331299,
			0.85025334358215332,
			0.8591616153717041,
			0.86807000637054443,
			0.87697833776473999,
			0.87697833776473999,
			0.87748271226882935,
			0.87798702716827393,
			0.87849140167236328,
			0.87899565696716309,
			0.87949997186660767,
			0.88000434637069702,
			0.8805086612701416,
			0.88050872087478638,
			0.88091480731964111,
			0.88132089376449585,
			0.88172703981399536,
			0.88213318586349487,
			0.88253927230834961,
			0.88294541835784912,
			0.88335150480270386,
			0.88335150480270386,
			0.88263797760009766,
			0.88192439079284668,
			0.88121086359024048,
			0.88049733638763428,
			0.8797837495803833,
			0.8790702223777771,
			0.8783566951751709,
			0.8783566951751709,
			0.86925143003463745,
			0.860146164894104,
			0.85104095935821533,
			0.84193563461303711,
			0.83283042907714844,
			0.82372516393661499,
			0.81461989879608154,
			0.81461989879608154,
			0.81461989879608154,
			0.81461989879608154,
			0.81461989879608154
		],
		[
			0.81461989879608154,
			0.81461989879608154,
			0.81461989879608154,
			0.81461989879608154,
			0.81461989879608154,
			0.82501298189163208,
			0.83540606498718262,
			0.84579908847808838,
			0.85619223117828369,
			0.86658525466918945,
			0.87697833776473999,
			0.88737142086029053,
			0.88737142086029053,
			0.88795983791351318,
			0.88854825496673584,
			0.88913661241531372,
			0.8897249698638916,
			0.89031338691711426,
			0.89090174436569214,
			0.89149016141891479,
			0.89149016141891479,
			0.89196395874023438,
			0.89243775606155396,
			0.89291155338287354,
			0.89338541030883789,
			0.89385920763015747,
			0.89433300495147705,
			0.89480680227279663,
			0.89480680227279663,
			0.89397430419921875,
			0.89314186573028564,
			0.89230936765670776,
			0.89147692918777466,
			0.89064443111419678,
			0.88981199264526367,
			0.88897949457168579,
			0.88897949457168579,
			0.8783566951751709,
			0.86773389577865601,
			0.85711109638214111,
			0.84648829698562622,
			0.83586549758911133,
			0.82524269819259644,
			0.81461989879608154,
			0.81461989879608154,
			0.81461989879608154,
			0.81461989879608154,
			0.81461989879608154
		],
		[
			0.81461989879608154,
			0.81461989879608154,
			0.81461989879608154,
			0.81461989879608154,
			0.81461989879608154,
			0.82501298189163208,
			0.83540600538253784,
			0.84579908847808838,
			0.85619217157363892,
			0.86658525466918945,
			0.87697833776473999,
			0.88737142086029053,
			0.88737142086029053,
			0.88795983791351318,
			0.88854825496673584,
			0.88913661241531372,
			0.8897249698638916,
			0.89031338691711426,
			0.89090174436569214,
			0.89149016141891479,
			0.89149016141891479,
			0.89196395874023438,
			0.89243775606155396,
			0.89291161298751831,
			0.89338541030883789,
			0.89385920763015747,
			0.89433300495147705,
			0.89480680227279663,
			0.89480680227279663,
			0.89397430419921875,
			0.89314186573028564,
			0.89230936765670776,
			0.89147692918777466,
			0.89064443111419678,
			0.88981199264526367,
			0.88897949457168579,
			0.88897949457168579,
			0.8783566951751709,
			0.86773389577865601,
			0.85711109638214111,
			0.84648829698562622,
			0.83586549758911133,
			0.82524269819259644,
			0.81461989879608154,
			0.81461989879608154,
			0.81461989879608154,
			0.81461989879608154,
			0.81461989879608154
		],
		[
			0.81461989879608154,
			0.81461989879608154,
			0.81461989879608154,
			0.81461989879608154,
			0.81461989879608154,
			0.82437753677368164,
			0.83413517475128174,
			0.84389281272888184,
			0.85365045070648193,
			0.86340808868408203,
			0.8731657862663269,
			0.882923424243927,
			0.882923424243927,
			0.8835909366607666,
			0.88425827026367188,
			0.88492578268051147,
			0.88559317588806152,
			0.88626056909561157,
			0.88692808151245117,
			0.887595534324646,
			0.887595534324646,
			0.88924169540405273,
			0.89088773727416992,
			0.89253389835357666,
			0.89417999982833862,
			0.89582616090774536,
			0.8974723219871521,
			0.89911836385726929,
			0.89911836385726929,
			0.89775663614273071,
			0.89639484882354736,
			0.89503312110900879,
			0.89367139339447021,
			0.89230960607528687,
			0.89094793796539307,
			0.88958615064620972,
			0.88958615064620972,
			0.87887668609619141,
			0.8681672215461731,
			0.85745769739151001,
			0.84674829244613647,
			0.83603876829147339,
			0.82532936334609985,
			0.81461989879608154,
			0.81461989879608154,
			0.81461989879608154,
			0.81461989879608154,
			0.81461983919143677
		],
		[
			0.81461989879608154,
			0.81461989879608154,
			0.81461989879608154,
			0.81461989879608154,
			0.81461989879608154,
			0.82374215126037598,
			0.83286434412002563,
			0.84198653697967529,
			0.85110872983932495,
			0.86023092269897461,
			0.86935317516326904,
			0.87847542762756348,
			0.87847542762756348,
			0.87922185659408569,
			0.87996840476989746,
			0.88071489334106445,
			0.88146138191223145,
			0.88220793008804321,
			0.88295435905456543,
			0.8837009072303772,
			0.8837009072303772,
			0.88651931285858154,
			0.88933777809143066,
			0.89215624332427979,
			0.89497464895248413,
			0.89779305458068848,
			0.9006115198135376,
			0.90342992544174194,
			0.90342992544174194,
			0.9015389084815979,
			0.89964795112609863,
			0.89775693416595459,
			0.895865797996521,
			0.89397484064102173,
			0.89208376407623291,
			0.89019274711608887,
			0.89019274711608887,
			0.87939661741256714,
			0.86860054731369019,
			0.85780441761016846,
			0.8470083475112915,
			0.836212158203125,
			0.82541602849960327,
			0.81461989879608154,
			0.81461989879608154,
			0.81461989879608154,
			0.81461989879608154,
			0.81461989879608154
		],
		[
			0.81461989879608154,
			0.81461989879608154,
			0.81461989879608154,
			0.81461989879608154,
			0.81461989879608154,
			0.82310664653778076,
			0.83159351348876953,
			0.84008026123046875,
			0.84856700897216797,
			0.85705375671386719,
			0.86554050445556641,
			0.87402737140655518,
			0.87402737140655518,
			0.87485295534133911,
			0.87567853927612305,
			0.87650406360626221,
			0.87732958793640137,
			0.8781551718711853,
			0.87898075580596924,
			0.87980633974075317,
			0.87980633974075317,
			0.8837970495223999,
			0.88778781890869141,
			0.89177852869033813,
			0.89576929807662964,
			0.89976000785827637,
			0.90375077724456787,
			0.9077414870262146,
			0.9077414870262146,
			0.90532118082046509,
			0.90290093421936035,
			0.90048062801361084,
			0.89806032180786133,
			0.89564001560211182,
			0.8932197093963623,
			0.89079940319061279,
			0.89079940319061279,
			0.87991660833358765,
			0.86903387308120728,
			0.85815101861953735,
			0.84726828336715698,
			0.83638542890548706,
			0.82550263404846191,
			0.81461989879608154,
			0.81461989879608154,
			0.81461983919143677,
			0.81461989879608154,
			0.81461989879608154
		],
		[
			0.81461989879608154,
			0.81461989879608154,
			0.81461989879608154,
			0.81461989879608154,
			0.81461989879608154,
			0.8224712610244751,
			0.83032262325286865,
			0.83817392587661743,
			0.84602534770965576,
			0.85387665033340454,
			0.8617280125617981,
			0.86957931518554688,
			0.86957931518554688,
			0.87048399448394775,
			0.87138861417770386,
			0.87229323387145996,
			0.87319779396057129,
			0.87410247325897217,
			0.87500709295272827,
			0.87591171264648438,
			0.87591171264648438,
			0.88107472658157349,
			0.88623785972595215,
			0.89140087366104126,
			0.89656388759613037,
			0.90172696113586426,
			0.90689003467559814,
			0.91205304861068726,
			0.91205304861068726,
			0.90910351276397705,
			0.90615391731262207,
			0.90320432186126709,
			0.90025478601455688,
			0.89730525016784668,
			0.8943556547164917,
			0.89140605926513672,
			0.89140605926513672,
			0.88043659925460815,
			0.86946719884872437,
			0.8584977388381958,
			0.84752827882766724,
			0.83655881881713867,
			0.82558935880661011,
			0.81461989879608154,
			0.81461989879608154,
			0.81461989879608154,
			0.81461989879608154,
			0.81461989879608154
		],
		[
			0.81461989879608154,
			0.81461989879608154,
			0.81461989879608154,
			0.81461989879608154,
			0.81461989879608154,
			0.82183581590652466,
			0.82905173301696777,
			0.83626759052276611,
			0.843483567237854,
			0.85069942474365234,
			0.85791540145874023,
			0.86513131856918335,
			0.86513131856918335,
			0.86611497402191162,
			0.86709868907928467,
			0.86808234453201294,
			0.86906611919403076,
			0.87004971504211426,
			0.8710334300994873,
			0.87201708555221558,
			0.87201708555221558,
			0.87835246324539185,
			0.88468784093856812,
			0.89102315902709961,
			0.89735853672027588,
			0.90369391441345215,
			0.91002929210662842,
			0.91636466979980469,
			0.91636466979980469,
			0.91288578510284424,
			0.90940696001052856,
			0.90592813491821289,
			0.90244925022125244,
			0.89897036552429199,
			0.89549160003662109,
			0.89201271533966064,
			0.89201271533966064,
			0.88095659017562866,
			0.86990052461624146,
			0.8588443398475647,
			0.84778821468353271,
			0.83673208951950073,
			0.82567596435546875,
			0.81461989879608154,
			0.81461989879608154,
			0.81461989879608154,
			0.81461989879608154,
			0.81461989879608154
		],
		[
			0.81461989879608154,
			0.81461989879608154,
			0.81461989879608154,
			0.81461989879608154,
			0.81461989879608154,
			0.82120043039321899,
			0.82778084278106689,
			0.83436131477355957,
			0.84094184637069702,
			0.84752225875854492,
			0.85410279035568237,
			0.86068326234817505,
			0.86068326234817505,
			0.86174601316452026,
			0.86280882358551025,
			0.86387157440185547,
			0.86493426561355591,
			0.86599701642990112,
			0.86705976724624634,
			0.86812245845794678,
			0.86812251806259155,
			0.87563019990921021,
			0.88313782215118408,
			0.89064550399780273,
			0.89815318584442139,
			0.90566086769104004,
			0.91316854953765869,
			0.92067623138427734,
			0.92067623138427734,
			0.9166681170463562,
			0.91265994310379028,
			0.90865182876586914,
			0.90464377403259277,
			0.90063560009002686,
			0.89662748575210571,
			0.89261937141418457,
			0.89261937141418457,
			0.88147658109664917,
			0.87033385038375854,
			0.85919106006622314,
			0.84804821014404297,
			0.83690547943115234,
			0.82576268911361694,
			0.81461989879608154,
			0.81461989879608154,
			0.81461989879608154,
			0.81461989879608154,
			0.81461989879608154
		],
		[
			0.81461989879608154,
			0.81461989879608154,
			0.81461989879608154,
			0.81461989879608154,
			0.81461989879608154,
			0.82056498527526855,
			0.82650995254516602,
			0.83245503902435303,
			0.83840012550354004,
			0.84434515237808228,
			0.85029017925262451,
			0.85623526573181152,
			0.85623526573181152,
			0.85737705230712891,
			0.85851883888244629,
			0.85966068506240845,
			0.86080253124237061,
			0.86194425821304321,
			0.86308610439300537,
			0.86422789096832275,
			0.86422789096832275,
			0.87290787696838379,
			0.88158786296844482,
			0.89026784896850586,
			0.89894783496856689,
			0.90762782096862793,
			0.91630780696868896,
			0.92498779296875,
			0.92498779296875,
			0.92045038938522339,
			0.91591298580169678,
			0.91137564182281494,
			0.90683817863464355,
			0.90230083465576172,
			0.89776343107223511,
			0.8932260274887085,
			0.8932260274887085,
			0.88199657201766968,
			0.87076717615127563,
			0.85953772068023682,
			0.84830820560455322,
			0.83707880973815918,
			0.82584935426712036,
			0.81461989879608154,
			0.81461989879608154,
			0.81461989879608154,
			0.81461989879608154,
			0.81461989879608154
		],
		[
			0.81461989879608154,
			0.81461989879608154,
			0.81461989879608154,
			0.81461989879608154,
			0.81461989879608154,
			0.82056498527526855,
			0.82651001214981079,
			0.83245503902435303,
			0.83840012550354004,
			0.84434515237808228,
			0.85029023885726929,
			0.85623526573181152,
			0.85623526573181152,
			0.85737705230712891,
			0.85851883888244629,
			0.85966068506240845,
			0.86080247163772583,
			0.86194425821304321,
			0.86308610439300537,
			0.86422789096832275,
			0.86422789096832275,
			0.87290787696838379,
			0.88158786296844482,
			0.89026784896850586,
			0.89894783496856689,
			0.90762782096862793,
			0.91630780696868896,
			0.92498779296875,
			0.92498779296875,
			0.92045038938522339,
			0.91591298580169678,
			0.91137558221817017,
			0.90683817863464355,
			0.90230077505111694,
			0.89776343107223511,
			0.8932260274887085,
			0.8932260274887085,
			0.88199657201766968,
			0.87076717615127563,
			0.85953772068023682,
			0.84830820560455322,
			0.83707880973815918,
			0.82584935426712036,
			0.81461989879608154,
			0.81461989879608154,
			0.81461989879608154,
			0.81461989879608154,
			0.81461989879608154
		],
		[
			0.81461989879608154,
			0.81461989879608154,
			0.81461989879608154,
			0.81461989879608154,
			0.81461989879608154,
			0.80812716484069824,
			0.80163425207138062,
			0.79514145851135254,
			0.78864866495132446,
			0.78215587139129639,
			0.77566307783126831,
			0.76917028427124023,
			0.76917028427124023,
			0.78015470504760742,
			0.79113912582397461,
			0.80212360620498657,
			0.81310808658599854,
			0.82409250736236572,
			0.83507698774337769,
			0.84606140851974487,
			0.84606140851974487,
			0.85886746644973755,
			0.87167346477508545,
			0.88447964191436768,
			0.89728564023971558,
			0.91009169816970825,
			0.92289775609970093,
			0.9357038140296936,
			0.9357038140296936,
			0.93080562353134155,
			0.92590737342834473,
			0.92100918292999268,
			0.91611093282699585,
			0.91121268272399902,
			0.90631455183029175,
			0.9014163613319397,
			0.9014163613319397,
			0.88901686668395996,
			0.87661737203598022,
			0.86421781778335571,
			0.85181838274002075,
			0.83941882848739624,
			0.82701939344406128,
			0.81461989879608154,
			0.81461989879608154,
			0.81461989879608154,
			0.81461989879608154,
			0.81461983919143677
		],
		[
			0.81461989879608154,
			0.81461989879608154,
			0.81461989879608154,
			0.81461989879608154,
			0.81461989879608154,
			0.79568922519683838,
			0.77675861120223999,
			0.75782793760299683,
			0.73889726400375366,
			0.71996665000915527,
			0.70103597640991211,
			0.68210530281066895,
			0.68210524320602417,
			0.70293235778808594,
			0.72375953197479248,
			0.7445865273475647,
			0.76541370153427124,
			0.78624081611633301,
			0.80706787109375,
			0.82789498567581177,
			0.82789498567581177,
			0.84482705593109131,
			0.8617592453956604,
			0.87869137525558472,
			0.89562344551086426,
			0.91255563497543335,
			0.92948770523071289,
			0.94641983509063721,
			0.94641983509063721,
			0.94116079807281494,
			0.93590182065963745,
			0.93064272403717041,
			0.92538368701934814,
			0.92012470960617065,
			0.91486561298370361,
			0.9096066951751709,
			0.9096066951751709,
			0.89603710174560547,
			0.88246756792068481,
			0.86889803409576416,
			0.85532850027084351,
			0.84175902605056763,
			0.8281894326210022,
			0.81461989879608154,
			0.81461989879608154,
			0.81461989879608154,
			0.81461989879608154,
			0.81461989879608154
		],
		[
			0.81461989879608154,
			0.81461989879608154,
			0.81461989879608154,
			0.81461989879608154,
			0.81461989879608154,
			0.78325134515762329,
			0.75188285112380981,
			0.72051435708999634,
			0.68914586305618286,
			0.65777730941772461,
			0.62640881538391113,
			0.59504032135009766,
			0.59504032135009766,
			0.62571007013320923,
			0.6563798189163208,
			0.68704956769943237,
			0.71771931648254395,
			0.74838900566101074,
			0.77905881404876709,
			0.80972850322723389,
			0.80972850322723389,
			0.83078670501708984,
			0.8518449068069458,
			0.87290310859680176,
			0.89396125078201294,
			0.91501951217651367,
			0.93607765436172485,
			0.95713591575622559,
			0.95713591575622559,
			0.95151603221893311,
			0.94589614868164062,
			0.94027632474899292,
			0.93465644121170044,
			0.92903661727905273,
			0.92341673374176025,
			0.91779696941375732,
			0.91779696941375732,
			0.90305733680725098,
			0.88831782341003418,
			0.87357819080352783,
			0.85883861780166626,
			0.84409904479980469,
			0.82935941219329834,
			0.81461989879608154,
			0.81461989879608154,
			0.81461983919143677,
			0.81461989879608154,
			0.81461989879608154
		],
		[
			0.81461989879608154,
			0.81461989879608154,
			0.81461989879608154,
			0.81461989879608154,
			0.81461989879608154,
			0.77081352472305298,
			0.72700715065002441,
			0.68320077657699585,
			0.63939446210861206,
			0.59558802843093872,
			0.55178171396255493,
			0.50797533988952637,
			0.50797533988952637,
			0.54848766326904297,
			0.58900010585784912,
			0.6295124888420105,
			0.67002487182617188,
			0.71053725481033325,
			0.75104963779449463,
			0.79156202077865601,
			0.79156202077865601,
			0.8167462944984436,
			0.84193062782287598,
			0.8671148419380188,
			0.8922991156578064,
			0.91748332977294922,
			0.94266766309738159,
			0.96785187721252441,
			0.96785187721252441,
			0.96187126636505127,
			0.95589053630828857,
			0.94990986585617065,
			0.94392925500869751,
			0.93794858455657959,
			0.93196791410446167,
			0.92598724365234375,
			0.92598724365234375,
			0.91007763147354126,
			0.89416801929473877,
			0.87825840711593628,
			0.86234879493713379,
			0.84643912315368652,
			0.83052951097488403,
			0.81461989879608154,
			0.81461989879608154,
			0.81461989879608154,
			0.81461989879608154,
			0.81461989879608154
		],
		[
			0.81461989879608154,
			0.81461989879608154,
			0.81461989879608154,
			0.81461989879608154,
			0.81461989879608154,
			0.75837564468383789,
			0.70213145017623901,
			0.64588719606399536,
			0.58964300155639648,
			0.53339874744415283,
			0.47715455293655396,
			0.42091035842895508,
			0.42091035842895508,
			0.47126537561416626,
			0.52162039279937744,
			0.57197540998458862,
			0.6223304271697998,
			0.67268550395965576,
			0.72304052114486694,
			0.7733955979347229,
			0.77339553833007812,
			0.80270588397979736,
			0.8320162296295166,
			0.86132657527923584,
			0.89063692092895508,
			0.91994726657867432,
			0.94925761222839355,
			0.97856795787811279,
			0.97856795787811279,
			0.97222644090652466,
			0.9658849835395813,
			0.95954346656799316,
			0.9532020092010498,
			0.94686055183410645,
			0.94051903486251831,
			0.93417757749557495,
			0.93417757749557495,
			0.91709786653518677,
			0.90001821517944336,
			0.88293856382369995,
			0.86585891246795654,
			0.84877920150756836,
			0.83169955015182495,
			0.81461989879608154,
			0.81461989879608154,
			0.81461989879608154,
			0.81461989879608154,
			0.81461989879608154
		],
		[
			0.81461989879608154,
			0.81461989879608154,
			0.81461989879608154,
			0.81461989879608154,
			0.81461989879608154,
			0.74593782424926758,
			0.67725574970245361,
			0.60857367515563965,
			0.53989160060882568,
			0.47120952606201172,
			0.40252745151519775,
			0.33384537696838379,
			0.33384537696838379,
			0.39404305815696716,
			0.45424073934555054,
			0.51443839073181152,
			0.57463610172271729,
			0.63483375310897827,
			0.69503140449523926,
			0.75522911548614502,
			0.75522911548614502,
			0.7886655330657959,
			0.822101891040802,
			0.85553836822509766,
			0.88897478580474854,
			0.92241114377975464,
			0.95584756135940552,
			0.9892839789390564,
			0.9892839789390564,
			0.98258167505264282,
			0.97587937116622925,
			0.96917706727981567,
			0.9624747633934021,
			0.95577245950698853,
			0.94907015562057495,
			0.94236785173416138,
			0.94236785173416138,
			0.92411816120147705,
			0.90586847066879272,
			0.8876187801361084,
			0.8693690299987793,
			0.8511192798614502,
			0.83286958932876587,
			0.81461989879608154,
			0.81461989879608154,
			0.81461989879608154,
			0.81461989879608154,
			0.81461989879608154
		],
		[
			0.81461989879608154,
			0.81461989879608154,
			0.81461989879608154,
			0.81461989879608154,
			0.81461989879608154,
			0.73350000381469727,
			0.65237998962402344,
			0.57126009464263916,
			0.4901401698589325,
			0.40902024507522583,
			0.32790032029151917,
			0.2467803955078125,
			0.2467803955078125,
			0.31682071089744568,
			0.38686102628707886,
			0.45690137147903442,
			0.52694165706634521,
			0.59698200225830078,
			0.66702234745025635,
			0.73706263303756714,
			0.73706263303756714,
			0.77462512254714966,
			0.8121875524520874,
			0.84975004196166992,
			0.88731253147125244,
			0.92487502098083496,
			0.96243751049041748,
			1,
			1,
			0.99293690919876099,
			0.98587381839752197,
			0.97881060838699341,
			0.97174751758575439,
			0.96468442678451538,
			0.95762127637863159,
			0.95055818557739258,
			0.95055818557739258,
			0.93113839626312256,
			0.91171866655349731,
			0.89229893684387207,
			0.87287914752960205,
			0.85345941781997681,
			0.83403968811035156,
			0.81461989879608154,
			0.81461989879608154,
			0.81461989879608154,
			0.81461989879608154,
			0.81461989879608154
		],
		[
			0.81461989879608154,
			0.81461989879608154,
			0.81461989879608154,
			0.81461989879608154,
			0.81461989879608154,
			0.73350000381469727,
			0.65237998962402344,
			0.57126009464263916,
			0.4901401698589325,
			0.40902024507522583,
			0.32790032029151917,
			0.2467803955078125,
			0.2467803955078125,
			0.31682071089744568,
			0.38686102628707886,
			0.45690134167671204,
			0.52694165706634521,
			0.59698200225830078,
			0.66702234745025635,
			0.73706263303756714,
			0.73706263303756714,
			0.77462512254714966,
			0.8121875524520874,
			0.84975004196166992,
			0.88731253147125244,
			0.92487502098083496,
			0.96243751049041748,
			1,
			1,
			0.99293690919876099,
			0.98587381839752197,
			0.97881060838699341,
			0.97174751758575439,
			0.96468442678451538,
			0.95762127637863159,
			0.95055818557739258,
			0.95055818557739258,
			0.93113839626312256,
			0.91171866655349731,
			0.89229893684387207,
			0.87287914752960205,
			0.85345941781997681,
			0.83403962850570679,
			0.81461989879608154,
			0.81461989879608154,
			0.81461989879608154,
			0.81461989879608154,
			0.81461989879608154
		],
		[
			0.81461989879608154,
			0.81461989879608154,
			0.81461989879608154,
			0.81461989879608154,
			0.81461989879608154,
			0.72846364974975586,
			0.6423073410987854,
			0.55615109205245972,
			0.46999481320381165,
			0.38383856415748596,
			0.29768231511116028,
			0.21152603626251221,
			0.21152603626251221,
			0.2826346755027771,
			0.35374331474304199,
			0.42485195398330688,
			0.49596059322357178,
			0.56706923246383667,
			0.63817787170410156,
			0.70928651094436646,
			0.70928651094436646,
			0.74924713373184204,
			0.78920769691467285,
			0.82916826009750366,
			0.86912882328033447,
			0.90908950567245483,
			0.94905006885528564,
			0.98901069164276123,
			0.98901069164276123,
			0.98283743858337402,
			0.97666418552398682,
			0.97049093246459961,
			0.9643176794052124,
			0.9581444263458252,
			0.95197117328643799,
			0.94579792022705078,
			0.94579792022705078,
			0.92705821990966797,
			0.90831845998764038,
			0.88957870006561279,
			0.87083899974822998,
			0.85209929943084717,
			0.83335959911346436,
			0.81461989879608154,
			0.81461989879608154,
			0.81461989879608154,
			0.81461989879608154,
			0.81461983919143677
		],
		[
			0.81461989879608154,
			0.81461989879608154,
			0.81461989879608154,
			0.81461989879608154,
			0.81461989879608154,
			0.72342729568481445,
			0.63223469257354736,
			0.54104208946228027,
			0.44984951615333557,
			0.35865691304206848,
			0.26746430993080139,
			0.17627169191837311,
			0.17627169191837311,
			0.24844865500926971,
			0.32062560319900513,
			0.39280253648757935,
			0.46497949957847595,
			0.53715646266937256,
			0.60933339595794678,
			0.681510329246521,
			0.681510329246521,
			0.72386902570724487,
			0.76622772216796875,
			0.8085864782333374,
			0.85094517469406128,
			0.89330387115478516,
			0.93566262722015381,
			0.97802138328552246,
			0.97802132368087769,
			0.97273790836334229,
			0.96745455265045166,
			0.96217113733291626,
			0.95688778162002563,
			0.95160436630249023,
			0.94632101058959961,
			0.94103759527206421,
			0.94103759527206421,
			0.92297792434692383,
			0.90491825342178345,
			0.88685864210128784,
			0.86879891157150269,
			0.8507392406463623,
			0.83267956972122192,
			0.81461989879608154,
			0.81461989879608154,
			0.81461989879608154,
			0.81461989879608154,
			0.81461989879608154
		],
		[
			0.81461989879608154,
			0.81461989879608154,
			0.81461989879608154,
			0.81461989879608154,
			0.81461989879608154,
			0.71839094161987305,
			0.62216204404830933,
			0.52593308687210083,
			0.42970415949821472,
			0.33347517251968384,
			0.23724627494812012,
			0.14101733267307281,
			0.14101733267307281,
			0.21426260471343994,
			0.28750789165496826,
			0.36075314879417419,
			0.43399840593338013,
			0.50724363327026367,
			0.58048892021179199,
			0.65373414754867554,
			0.65373414754867554,
			0.69849097728729248,
			0.7432478666305542,
			0.78800463676452637,
			0.83276152610778809,
			0.87751829624176025,
			0.9222751259803772,
			0.96703195571899414,
			0.96703195571899414,
			0.9626384973526001,
			0.9582449197769165,
			0.95385146141052246,
			0.94945788383483887,
			0.94506442546844482,
			0.94067084789276123,
			0.93627738952636719,
			0.93627732992172241,
			0.91889768838882446,
			0.90151804685592651,
			0.88413840532302856,
			0.86675882339477539,
			0.84937912225723267,
			0.83199954032897949,
			0.81461989879608154,
			0.81461989879608154,
			0.81461983919143677,
			0.81461989879608154,
			0.81461989879608154
		],
		[
			0.81461989879608154,
			0.81461989879608154,
			0.81461989879608154,
			0.81461989879608154,
			0.81461989879608154,
			0.71335464715957642,
			0.61208939552307129,
			0.51082408428192139,
			0.40955877304077148,
			0.30829352140426636,
			0.20702823996543884,
			0.10576298087835312,
			0.10576298087835312,
			0.18007656931877136,
			0.25439012050628662,
			0.32870370149612427,
			0.40301728248596191,
			0.47733086347579956,
			0.55164444446563721,
			0.62595796585083008,
			0.62595802545547485,
			0.67311292886734009,
			0.7202678918838501,
			0.76742291450500488,
			0.81457781791687012,
			0.86173272132873535,
			0.90888774394989014,
			0.95604264736175537,
			0.95604264736175537,
			0.95253896713256836,
			0.94903528690338135,
			0.94553166627883911,
			0.9420279860496521,
			0.93852436542510986,
			0.93502068519592285,
			0.93151700496673584,
			0.93151706457138062,
			0.9148174524307251,
			0.89811784029006958,
			0.88141828775405884,
			0.86471867561340332,
			0.84801900386810303,
			0.83131945133209229,
			0.81461989879608154,
			0.81461989879608154,
			0.81461989879608154,
			0.81461989879608154,
			0.81461989879608154
		],
		[
			0.81461989879608154,
			0.81461989879608154,
			0.81461989879608154,
			0.81461989879608154,
			0.81461989879608154,
			0.70831829309463501,
			0.60201668739318848,
			0.49571505188941956,
			0.38941344618797302,
			0.28311184048652649,
			0.17681024968624115,
			0.07050863653421402,
			0.07050863653421402,
			0.14589051902294159,
			0.22127240896224976,
			0.29665428400039673,
			0.37203621864318848,
			0.44741806387901306,
			0.52279996871948242,
			0.59818184375762939,
			0.59818184375762939,
			0.64773494005203247,
			0.69728797674179077,
			0.74684101343154907,
			0.79639410972595215,
			0.84594714641571045,
			0.89550018310546875,
			0.94505327939987183,
			0.94505327939987183,
			0.94243943691253662,
			0.93982571363449097,
			0.93721187114715576,
			0.93459808826446533,
			0.9319843053817749,
			0.92937052249908447,
			0.92675673961639404,
			0.92675673961639404,
			0.91073715686798096,
			0.89471769332885742,
			0.87869811058044434,
			0.86267852783203125,
			0.84665894508361816,
			0.83063942193984985,
			0.81461989879608154,
			0.81461989879608154,
			0.81461989879608154,
			0.81461989879608154,
			0.81461989879608154
		],
		[
			0.81461989879608154,
			0.81461989879608154,
			0.81461989879608154,
			0.81461989879608154,
			0.81461989879608154,
			0.7032819390296936,
			0.59194403886795044,
			0.48060604929924011,
			0.36926808953285217,
			0.25793015956878662,
			0.14659222960472107,
			0.035254288464784622,
			0.035254288464784622,
			0.1117044985294342,
			0.18815469741821289,
			0.26460486650466919,
			0.34105512499809265,
			0.41750529408454895,
			0.49395549297332764,
			0.57040572166442871,
			0.57040566205978394,
			0.62235689163208008,
			0.67430806159973145,
			0.72625923156738281,
			0.77821040153503418,
			0.83016157150268555,
			0.88211274147033691,
			0.93406397104263306,
			0.93406397104263306,
			0.93234002590179443,
			0.93061608076095581,
