{
	"heat_map" : 
	[
		[
			0.063796281814575195,
			0.063796281814575195,
			0.063796281814575195,
			0.063796281814575195,
			0.063796281814575195,
			0.063796281814575195,
			0.063796281814575195,
			0.063796281814575195,
			0.063796281814575195,
			0.063796281814575195,
			0.063796281814575195,
			0.063796281814575195,
			0.063796281814575195,
			0.063796281814575195,
			0.063796281814575195,
			0.063796281814575195,
			0.063796281814575195,
			0.063796281814575195,
			0.063796281814575195,
			0.063796281814575195,
			0.063796281814575195,
			0.063796281814575195,
			0.063796281814575195,
			0.063796281814575195,
			0.063796281814575195,
			0.063796281814575195,
			0.063796281814575195,
			0.063796281814575195,
			0.063796281814575195,
			0.063796281814575195,
			0.063796281814575195,
			0.063796281814575195,
			0.063796281814575195,
			0.063796281814575195,
			0.063796281814575195,
			0.063796281814575195,
			0.063796281814575195,
			0.063796281814575195,
			0.063796281814575195,
			0.063796281814575195,
			0.063796281814575195,
			0.063796281814575195,
			0.063796281814575195,
			0.063796281814575195,
			0.063796281814575195,
			0.063796281814575195,
			0.063796281814575195,
			0.063796281814575195
		],
		[
			0.063796281814575195,
			0.063796281814575195,
			0.063796281814575195,
			0.063796281814575195,
			0.063796281814575195,
			0.063796281814575195,
			0.063796281814575195,
			0.063796281814575195,
			0.063796281814575195,
			0.063796281814575195,
			0.063796281814575195,
			0.063796281814575195,
			0.063796281814575195,
			0.063796281814575195,
			0.063796281814575195,
			0.063796281814575195,
			0.063796281814575195,
			0.063796281814575195,
			0.063796281814575195,
			0.063796281814575195,
			0.063796281814575195,
			0.063796281814575195,
			0.063796281814575195,
			0.063796281814575195,
			0.063796281814575195,
			0.063796281814575195,
			0.063796281814575195,
			0.063796281814575195,
			0.063796281814575195,
			0.063796281814575195,
			0.063796281814575195,
			0.063796281814575195,
			0.063796281814575195,
			0.063796281814575195,
			0.063796281814575195,
			0.063796281814575195,
			0.063796281814575195,
			0.063796281814575195,
			0.063796281814575195,
			0.063796281814575195,
			0.063796281814575195,
			0.063796281814575195,
			0.063796281814575195,
			0.063796281814575195,
			0.063796281814575195,
			0.063796281814575195,
			0.063796281814575195,
			0.063796281814575195
		],
		[
			0.063796281814575195,
			0.063796281814575195,
			0.063796281814575195,
			0.063796281814575195,
			0.063796281814575195,
			0.063796281814575195,
			0.063796281814575195,
			0.063796281814575195,
			0.063796281814575195,
			0.063796281814575195,
			0.063796281814575195,
			0.063796281814575195,
			0.063796281814575195,
			0.063796281814575195,
			0.063796281814575195,
			0.063796281814575195,
			0.063796281814575195,
			0.063796281814575195,
			0.063796281814575195,
			0.063796281814575195,
			0.063796281814575195,
			0.063796281814575195,
			0.063796281814575195,
			0.063796281814575195,
			0.063796281814575195,
			0.063796281814575195,
			0.063796281814575195,
			0.063796281814575195,
			0.063796281814575195,
			0.063796281814575195,
			0.063796281814575195,
			0.063796281814575195,
			0.063796281814575195,
			0.063796281814575195,
			0.063796281814575195,
			0.063796281814575195,
			0.063796281814575195,
			0.063796281814575195,
			0.063796281814575195,
			0.063796281814575195,
			0.063796281814575195,
			0.063796281814575195,
			0.063796281814575195,
			0.063796281814575195,
			0.063796281814575195,
			0.063796281814575195,
			0.063796281814575195,
			0.063796281814575195
		],
		[
			0.063796281814575195,
			0.063796281814575195,
			0.063796281814575195,
			0.063796281814575195,
			0.063796281814575195,
			0.063796281814575195,
			0.063796281814575195,
			0.063796281814575195,
			0.063796281814575195,
			0.063796281814575195,
			0.063796281814575195,
			0.063796281814575195,
			0.063796281814575195,
			0.063796281814575195,
			0.063796281814575195,
			0.063796281814575195,
			0.063796281814575195,
			0.063796281814575195,
			0.063796281814575195,
			0.063796281814575195,
			0.063796281814575195,
			0.063796281814575195,
			0.063796281814575195,
			0.063796281814575195,
			0.063796281814575195,
			0.063796281814575195,
			0.063796281814575195,
			0.063796281814575195,
			0.063796281814575195,
			0.063796281814575195,
			0.063796281814575195,
			0.063796281814575195,
			0.063796281814575195,
			0.063796281814575195,
			0.063796281814575195,
			0.063796281814575195,
			0.063796281814575195,
			0.063796281814575195,
			0.063796281814575195,
			0.063796281814575195,
			0.063796281814575195,
			0.063796281814575195,
			0.063796281814575195,
			0.063796281814575195,
			0.063796281814575195,
			0.063796281814575195,
			0.063796281814575195,
			0.063796281814575195
		],
		[
			0.063796281814575195,
			0.063796281814575195,
			0.063796281814575195,
			0.063796281814575195,
			0.063796281814575195,
			0.063796281814575195,
			0.063796281814575195,
			0.063796281814575195,
			0.063796281814575195,
			0.063796281814575195,
			0.063796281814575195,
			0.063796281814575195,
			0.063796281814575195,
			0.063796281814575195,
			0.063796281814575195,
			0.063796281814575195,
			0.063796281814575195,
			0.063796281814575195,
			0.063796281814575195,
			0.063796281814575195,
			0.063796281814575195,
			0.063796281814575195,
			0.063796281814575195,
			0.063796281814575195,
			0.063796281814575195,
			0.063796281814575195,
			0.063796281814575195,
			0.063796281814575195,
			0.063796281814575195,
			0.063796281814575195,
			0.063796281814575195,
			0.063796281814575195,
			0.063796281814575195,
			0.063796281814575195,
			0.063796281814575195,
			0.063796281814575195,
			0.063796281814575195,
			0.063796281814575195,
			0.063796281814575195,
			0.063796281814575195,
			0.063796281814575195,
			0.063796281814575195,
			0.063796281814575195,
			0.063796281814575195,
			0.063796281814575195,
			0.063796281814575195,
			0.063796281814575195,
			0.063796281814575195
		],
		[
			0.063796281814575195,
			0.063796281814575195,
			0.063796281814575195,
			0.063796281814575195,
			0.063796281814575195,
			0.067182444036006927,
			0.070568613708019257,
			0.073954775929450989,
			0.077340945601463318,
			0.080727115273475647,
			0.084113284945487976,
			0.087499439716339111,
			0.087499447166919708,
			0.088142156600952148,
			0.088784880936145782,
			0.089427605271339417,
			0.090070314705371857,
			0.090713031589984894,
			0.091355755925178528,
			0.091998472809791565,
			0.091998472809791565,
			0.095819905400276184,
			0.0996413454413414,
			0.10346277803182602,
			0.10728421807289124,
			0.11110565066337585,
			0.11492709070444107,
			0.11874853074550629,
			0.11874852329492569,
			0.12002728134393692,
			0.12130603939294815,
			0.12258479744195938,
			0.12386355549097061,
			0.12514230608940125,
			0.12642106413841248,
			0.12769982218742371,
			0.12769982218742371,
			0.11857075244188309,
			0.10944167524576187,
			0.10031259059906006,
			0.091183513402938843,
			0.082054436206817627,
			0.072925359010696411,
			0.063796281814575195,
			0.063796281814575195,
			0.063796281814575195,
			0.063796281814575195,
			0.063796281814575195
		],
		[
			0.063796281814575195,
			0.063796281814575195,
			0.063796281814575195,
			0.063796281814575195,
			0.063796281814575195,
			0.070568613708019257,
			0.077340945601463318,
			0.084113284945487976,
			0.09088560938835144,
			0.097657941281795502,
			0.10443027317523956,
			0.11120260506868362,
			0.11120260506868362,
			0.1124880462884903,
			0.11377348005771637,
			0.11505891382694244,
			0.11634435504674911,
			0.11762978136539459,
			0.11891523003578186,
			0.12020066380500793,
			0.12020066380500793,
			0.12784352898597717,
			0.1354864090681076,
			0.14312928915023804,
			0.15077215433120728,
			0.15841501951217651,
			0.16605789959430695,
			0.17370077967643738,
			0.17370076477527618,
			0.17625828087329865,
			0.17881579697132111,
			0.18137332797050476,
			0.18393084406852722,
			0.18648834526538849,
			0.18904587626457214,
			0.19160336256027222,
			0.19160337746143341,
			0.17334522306919098,
			0.15508706867694855,
			0.13682889938354492,
			0.11857074499130249,
			0.10031259059906006,
			0.082054436206817627,
			0.063796281814575195,
			0.063796281814575195,
			0.063796281814575195,
			0.063796281814575195,
			0.063796281814575195
		],
		[
			0.063796281814575195,
			0.063796281814575195,
			0.063796281814575195,
			0.063796281814575195,
			0.063796281814575195,
			0.073954775929450989,
			0.084113284945487976,
			0.09427177906036377,
			0.10443027317523956,
			0.11458876729011536,
			0.12474726885557175,
			0.13490577042102814,
			0.13490577042102814,
			0.13683392107486725,
			0.13876208662986755,
			0.14069023728370667,
			0.14261838793754578,
			0.14454653859138489,
			0.146474689245224,
			0.1484028548002243,
			0.1484028548002243,
			0.15986716747283936,
			0.17133146524429321,
			0.18279577791690826,
			0.19426009058952332,
			0.20572438836097717,
			0.21718870103359222,
			0.22865301370620728,
			0.22865301370620728,
			0.23248928785324097,
			0.23632556200027466,
			0.24016182124614716,
			0.24399811029434204,
			0.24783438444137573,
			0.25167065858840942,
			0.25550690293312073,
			0.25550690293312073,
			0.22811967134475708,
			0.20073243975639343,
			0.17334520816802979,
			0.14595797657966614,
			0.11857074499130249,
			0.091183513402938843,
			0.063796281814575195,
			0.063796281814575195,
			0.063796281814575195,
			0.063796281814575195,
			0.063796281814575195
		],
		[
			0.063796281814575195,
			0.063796281814575195,
			0.063796281814575195,
			0.063796281814575195,
			0.063796281814575195,
			0.077340945601463318,
			0.09088560938835144,
			0.10443027317523956,
			0.11797493696212769,
			0.13151960074901581,
			0.14506426453590393,
			0.15860892832279205,
			0.15860892832279205,
			0.1611798107624054,
			0.16375067830085754,
			0.16632154583930969,
			0.16889241337776184,
			0.17146328091621399,
			0.17403417825698853,
			0.17660504579544067,
			0.17660504579544067,
			0.19189079105854034,
			0.20717653632164001,
			0.22246228158473969,
			0.23774802684783936,
			0.25303375720977783,
			0.2683195173740387,
			0.28360527753829956,
			0.28360524773597717,
			0.28872030973434448,
			0.2938353419303894,
			0.29895037412643433,
			0.30406540632247925,
			0.30918040871620178,
			0.31429547071456909,
			0.31941044330596924,
			0.31941047310829163,
			0.28289416432380676,
			0.24637784063816071,
			0.20986153185367584,
			0.17334520816802979,
			0.13682889938354492,
			0.10031259059906006,
			0.063796281814575195,
			0.063796281814575195,
			0.063796281814575195,
			0.063796281814575195,
			0.063796281814575195
		],
		[
			0.063796281814575195,
			0.063796281814575195,
			0.063796281814575195,
			0.063796281814575195,
			0.063796281814575195,
			0.080727115273475647,
			0.097657941281795502,
			0.11458876729011536,
			0.13151960074901581,
			0.14845043420791626,
			0.16538125276565552,
			0.18231208622455597,
			0.18231210112571716,
			0.18552568554878235,
			0.18873926997184753,
			0.19195286929607391,
			0.1951664537191391,
			0.19838005304336548,
			0.20159363746643066,
			0.20480722188949585,
			0.20480723679065704,
			0.22391441464424133,
			0.24302159249782562,
			0.26212877035140991,
			0.2812359631061554,
			0.30034312605857849,
			0.31945031881332397,
			0.33855751156806946,
			0.33855751156806946,
			0.34495130181312561,
			0.35134506225585938,
			0.35773885250091553,
			0.36413264274597168,
			0.37052643299102783,
			0.37692022323608398,
			0.38331401348114014,
			0.38331401348114014,
			0.33766859769821167,
			0.29202324151992798,
			0.24637784063816071,
			0.20073243975639343,
			0.15508705377578735,
			0.10944166779518127,
			0.063796281814575195,
			0.063796281814575195,
			0.063796281814575195,
			0.063796281814575195,
			0.063796281814575195
		],
		[
			0.063796281814575195,
			0.063796281814575195,
			0.063796281814575195,
			0.063796281814575195,
			0.063796281814575195,
			0.084113284945487976,
			0.10443027317523956,
			0.12474726885557175,
			0.14506426453590393,
			0.16538125276565552,
			0.1856982558965683,
			0.20601525902748108,
			0.20601525902748108,
			0.2098715603351593,
			0.21372787654399872,
			0.21758417785167694,
			0.22144049406051636,
			0.22529679536819458,
			0.2291530966758728,
			0.23300942778587341,
			0.23300941288471222,
			0.25593805313110352,
			0.27886664867401123,
			0.30179527401924133,
			0.32472389936447144,
			0.34765249490737915,
			0.37058115005493164,
			0.39350974559783936,
			0.39350974559783936,
			0.40118229389190674,
			0.40885484218597412,
			0.4165273904800415,
			0.42419993877410889,
			0.43187248706817627,
			0.43954500555992126,
			0.44721755385398865,
			0.44721755385398865,
			0.39244309067726135,
			0.33766859769821167,
			0.28289413452148438,
			0.22811967134475708,
			0.17334520816802979,
			0.11857074499130249,
			0.063796281814575195,
			0.063796281814575195,
			0.063796281814575195,
			0.063796281814575195,
			0.063796281814575195
		],
		[
			0.063796281814575195,
			0.063796281814575195,
			0.063796281814575195,
			0.063796281814575195,
			0.063796281814575195,
			0.087499439716339111,
			0.11120260506868362,
			0.13490577042102814,
			0.15860892832279205,
			0.18231208622455597,
			0.20601525902748108,
			0.229718416929245,
			0.229718416929245,
			0.23421745002269745,
			0.2387164831161499,
			0.24321550130844116,
			0.24771451950073242,
			0.25221353769302368,
			0.25671258568763733,
			0.26121160387992859,
			0.26121160387992859,
			0.28796166181564331,
			0.31471171975135803,
			0.34146177768707275,
			0.36821183562278748,
			0.3949618935585022,
			0.42171192169189453,
			0.44846197962760925,
			0.44846197962760925,
			0.45741328597068787,
			0.46636459231376648,
			0.47531589865684509,
			0.48426717519760132,
			0.49321848154067993,
			0.50216978788375854,
			0.51112109422683716,
			0.51112109422683716,
			0.44721755385398865,
			0.38331401348114014,
			0.31941047310829163,
			0.25550690293312073,
			0.19160336256027222,
			0.12769982218742371,
			0.063796281814575195,
			0.063796281814575195,
			0.063796281814575195,
			0.063796281814575195,
			0.063796281814575195
		],
		[
			0.063796281814575195,
			0.063796281814575195,
			0.063796281814575195,
			0.063796281814575195,
			0.063796281814575195,
			0.087499447166919708,
			0.11120260506868362,
			0.13490577042102814,
			0.15860892832279205,
			0.18231210112571716,
			0.20601525902748108,
			0.229718416929245,
			0.229718416929245,
			0.23421745002269745,
			0.23871646821498871,
			0.24321550130844116,
			0.24771451950073242,
			0.25221353769302368,
			0.25671258568763733,
			0.26121160387992859,
			0.26121160387992859,
			0.28796166181564331,
			0.31471171975135803,
			0.34146174788475037,
			0.36821183562278748,
			0.39496186375617981,
			0.42171192169189453,
			0.44846197962760925,
			0.44846197962760925,
			0.45741328597068787,
			0.46636459231376648,
			0.47531589865684509,
			0.48426717519760132,
			0.49321848154067993,
			0.50216978788375854,
			0.51112109422683716,
			0.51112109422683716,
			0.44721755385398865,
			0.38331401348114014,
			0.31941047310829163,
			0.25550690293312073,
			0.19160336256027222,
			0.12769982218742371,
			0.063796281814575195,
			0.063796281814575195,
			0.063796281814575195,
			0.063796281814575195,
			0.063796281814575195
		],
		[
			0.063796281814575195,
			0.063796281814575195,
			0.063796281814575195,
			0.063796281814575195,
			0.063796281814575195,
			0.089637972414493561,
			0.11547965556383133,
			0.1413213312625885,
			0.16716302931308746,
			0.19300469756126404,
			0.21884638071060181,
			0.24468806385993958,
			0.24468806385993958,
			0.24361981451511383,
			0.24255159497261047,
			0.24148336052894592,
			0.24041511118412018,
			0.23934686183929443,
			0.23827862739562988,
			0.23721037805080414,
			0.23721037805080414,
			0.25823688507080078,
			0.27926340699195862,
			0.30028992891311646,
			0.32131645083427429,
			0.34234294295310974,
			0.36336946487426758,
			0.38439598679542542,
			0.38439598679542542,
			0.40420302748680115,
			0.42401009798049927,
			0.443817138671875,
			0.46362417936325073,
			0.48343122005462646,
			0.50323832035064697,
			0.52304536104202271,
			0.52304536104202271,
			0.45743834972381592,
			0.39183130860328674,
			0.32622429728507996,
			0.26061728596687317,
			0.19501030445098877,
			0.12940329313278198,
			0.063796281814575195,
			0.063796281814575195,
			0.063796281814575195,
			0.063796281814575195,
			0.063796281814575195
		],
		[
			0.063796281814575195,
			0.063796281814575195,
			0.063796281814575195,
			0.063796281814575195,
			0.063796281814575195,
			0.091776490211486816,
			0.11975669860839844,
			0.14773690700531006,
			0.17571711540222168,
			0.20369730889797211,
			0.23167751729488373,
			0.25965774059295654,
			0.25965771079063416,
			0.25302219390869141,
			0.24638670682907104,
			0.2397511899471283,
			0.23311568796634674,
			0.22648017108440399,
			0.21984465420246124,
			0.21320915222167969,
			0.21320915222167969,
			0.22851210832595825,
			0.2438150942325592,
			0.25911808013916016,
			0.27442106604576111,
			0.28972402215003967,
			0.30502700805664062,
			0.32032999396324158,
			0.32032999396324158,
			0.35099279880523682,
			0.38165557384490967,
			0.41231837868690491,
			0.44298118352890015,
			0.47364398837089539,
			0.50430679321289062,
			0.53496956825256348,
			0.53496962785720825,
			0.46765908598899841,
			0.40034866333007812,
			0.33303818106651306,
			0.265727698802948,
			0.19841721653938293,
			0.13110674917697906,
			0.063796281814575195,
			0.063796281814575195,
			0.063796281814575195,
			0.063796281814575195,
			0.063796281814575195
		],
		[
			0.063796281814575195,
			0.063796281814575195,
			0.063796281814575195,
			0.063796281814575195,
			0.063796281814575195,
			0.093915000557899475,
			0.12403374165296555,
			0.15415245294570923,
			0.1842711865901947,
			0.21438992023468018,
			0.24450863897800446,
			0.27462738752365112,
			0.27462735772132874,
			0.26242458820343018,
			0.25022178888320923,
			0.23801904916763306,
			0.22581624984741211,
			0.21361348032951355,
			0.20141071081161499,
			0.18920792639255524,
			0.18920792639255524,
			0.19878736138343811,
			0.20836679637432098,
			0.21794623136520386,
			0.22752566635608673,
			0.2371051162481308,
			0.24668456614017487,
			0.25626400113105774,
			0.25626400113105774,
			0.2977825403213501,
			0.33930107951164246,
			0.38081961870193481,
			0.42233818769454956,
			0.46385675668716431,
			0.50537526607513428,
			0.54689383506774902,
			0.54689383506774902,
			0.47787991166114807,
			0.40886595845222473,
			0.33985203504562378,
			0.27083808183670044,
			0.20182415843009949,
			0.13281022012233734,
			0.063796281814575195,
			0.063796281814575195,
			0.063796281814575195,
			0.063796281814575195,
			0.063796281814575195
		],
		[
			0.063796281814575195,
			0.063796281814575195,
			0.063796281814575195,
			0.063796281814575195,
			0.063796281814575195,
			0.096053525805473328,
			0.12831078469753265,
			0.16056802868843079,
			0.19282528758049011,
			0.22508251667022705,
			0.25733977556228638,
			0.2895970344543457,
			0.2895970344543457,
			0.27182698249816895,
			0.25405693054199219,
			0.23628687858581543,
			0.21851682662963867,
			0.20074678957462311,
			0.18297675251960754,
			0.16520670056343079,
			0.16520670056343079,
			0.16906259953975677,
			0.17291849851608276,
			0.17677438259124756,
			0.18063028156757355,
			0.18448619544506073,
			0.18834209442138672,
			0.19219799339771271,
			0.19219799339771271,
			0.24457229673862457,
			0.29694661498069763,
			0.34932088851928711,
			0.40169519186019897,
			0.45406949520111084,
			0.50644379854202271,
			0.55881810188293457,
			0.55881810188293457,
			0.48810070753097534,
			0.41738331317901611,
			0.3466658890247345,
			0.27594846487045288,
			0.20523108541965485,
			0.13451367616653442,
			0.063796281814575195,
			0.063796281814575195,
			0.063796281814575195,
			0.063796281814575195,
			0.063796281814575195
		],
		[
			0.063796281814575195,
			0.063796281814575195,
			0.063796281814575195,
			0.063796281814575195,
			0.063796281814575195,
			0.09819205105304718,
			0.13258782029151917,
			0.16698358952999115,
			0.20137935876846313,
			0.23577511310577393,
			0.2701708972454071,
			0.30456668138504028,
			0.30456668138504028,
			0.28122937679290771,
			0.25789204239845276,
			0.234554722905159,
			0.21121741831302643,
			0.18788009881973267,
			0.1645427793264389,
			0.14120547473430634,
			0.14120547473430634,
			0.13933783769607544,
			0.13747018575668335,
			0.13560254871845245,
			0.13373492658138275,
			0.13186727464199066,
			0.12999963760375977,
			0.12813200056552887,
			0.12813200056552887,
			0.19136205315589905,
			0.25459212064743042,
			0.3178221583366394,
			0.38105219602584839,
			0.44428223371505737,
			0.50751227140426636,
			0.57074230909347534,
			0.57074230909347534,
			0.49832147359848022,
			0.42590060830116272,
			0.35347974300384521,
			0.28105887770652771,
			0.20863801240921021,
			0.1362171471118927,
			0.063796281814575195,
			0.063796281814575195,
			0.063796281814575195,
			0.063796281814575195,
			0.063796281814575195
		],
		[
			0.063796281814575195,
			0.063796281814575195,
			0.063796281814575195,
			0.063796281814575195,
			0.063796281814575195,
			0.10033057630062103,
			0.13686487078666687,
			0.17339915037155151,
			0.20993345975875854,
			0.24646773934364319,
			0.28300201892852783,
			0.31953632831573486,
			0.31953632831573486,
			0.2906317412853241,
			0.26172715425491333,
			0.23282258212566376,
			0.20391799509525299,
			0.17501340806484222,
			0.14610883593559265,
			0.11720424890518188,
			0.11720424890518188,
			0.10961306840181351,
			0.10202189534902573,
			0.094430714845657349,
			0.086839534342288971,
			0.07924836128950119,
			0.071657188236713409,
			0.064066015183925629,
			0.064066015183925629,
			0.13815180957317352,
			0.21223761141300201,
			0.28632339835166931,
			0.3604092001914978,
			0.43449500203132629,
			0.50858080387115479,
			0.58266657590866089,
			0.58266657590866089,
			0.50854223966598511,
			0.43441790342330933,
			0.36029362678527832,
			0.28616926074028015,
			0.21204493939876556,
			0.13792061805725098,
			0.063796281814575195,
			0.063796281814575195,
			0.063796281814575195,
			0.063796281814575195,
			0.063796281814575195
		],
		[
			0.063796281814575195,
			0.063796281814575195,
			0.063796281814575195,
			0.063796281814575195,
			0.063796281814575195,
			0.10246910154819489,
			0.14114192128181458,
			0.17981472611427307,
			0.21848754584789276,
			0.25716036558151245,
			0.29583317041397095,
			0.33450597524642944,
			0.33450597524642944,
			0.30003413558006287,
			0.2655622661113739,
			0.23109042644500732,
			0.19661855697631836,
			0.16214671730995178,
			0.12767487764358521,
			0.093203023076057434,
			0.093203023076057434,
			0.079888306558132172,
			0.066573597490787506,
			0.053258880972862244,
			0.039944160729646683,
			0.026629449799656868,
			0.013314736075699329,
			2.2351741790771484e-08,
			2.2351741790771484e-08,
			0.084941573441028595,
			0.1698831170797348,
			0.25482463836669922,
			0.33976620435714722,
			0.42470774054527283,
			0.50964927673339844,
			0.59459084272384644,
			0.59459084272384644,
			0.51876300573348999,
			0.44293525815010071,
			0.36710748076438904,
			0.29127967357635498,
			0.21545186638832092,
			0.13962407410144806,
			0.063796281814575195,
			0.063796281814575195,
			0.063796281814575195,
			0.063796281814575195,
			0.063796281814575195
		],
		[
			0.063796281814575195,
			0.063796281814575195,
			0.063796281814575195,
			0.063796281814575195,
			0.063796281814575195,
			0.10246909409761429,
			0.14114190638065338,
			0.17981472611427307,
			0.21848754584789276,
			0.25716036558151245,
			0.29583317041397095,
			0.33450597524642944,
			0.33450597524642944,
			0.30003413558006287,
			0.2655622661113739,
			0.23109042644500732,
			0.19661855697631836,
			0.16214671730995178,
			0.12767486274242401,
			0.093203023076057434,
			0.093203023076057434,
			0.079888306558132172,
			0.066573597490787506,
			0.053258880972862244,
			0.039944160729646683,
			0.026629449799656868,
			0.013314736075699329,
			2.2351741790771484e-08,
			2.2351741790771484e-08,
			0.084941573441028595,
			0.1698831170797348,
			0.25482466816902161,
			0.3397662341594696,
			0.42470777034759521,
			0.50964927673339844,
			0.59459084272384644,
			0.59459084272384644,
			0.51876300573348999,
			0.44293525815010071,
			0.36710748076438904,
			0.29127964377403259,
			0.21545186638832092,
			0.13962407410144806,
			0.063796281814575195,
			0.063796281814575195,
			0.063796281814575195,
			0.063796281814575195,
			0.063796281814575195
		],
		[
			0.063796281814575195,
			0.063796281814575195,
			0.063796281814575195,
			0.063796281814575195,
			0.063796281814575195,
			0.11344698071479797,
			0.16309766471385956,
			0.21274836361408234,
			0.26239907741546631,
			0.3120497465133667,
			0.36170044541358948,
			0.41135114431381226,
			0.41135114431381226,
			0.36729010939598083,
			0.32322904467582703,
			0.27916800975799561,
			0.2351069450378418,
			0.19104591012001038,
			0.14698487520217896,
			0.10292382538318634,
			0.10292383283376694,
			0.090866498649120331,
			0.078809179365634918,
			0.066751860082149506,
			0.054694533348083496,
			0.042637206614017487,
			0.030579887330532074,
			0.018522562459111214,
			0.018522564321756363,
			0.10810647904872894,
			0.19769039750099182,
			0.28727430105209351,
			0.37685823440551758,
			0.46644213795661926,
			0.55602610111236572,
			0.64560997486114502,
			0.64560997486114502,
			0.56249368190765381,
			0.47937744855880737,
			0.39626124501228333,
			0.3131449818611145,
			0.23002876341342926,
			0.14691251516342163,
			0.063796281814575195,
			0.063796281814575195,
			0.063796281814575195,
			0.063796281814575195,
			0.063796281814575195
		],
		[
			0.063796281814575195,
			0.063796281814575195,
			0.063796281814575195,
			0.063796281814575195,
			0.063796281814575195,
			0.12442485243082047,
			0.18505343794822693,
			0.2456820011138916,
			0.30631059408187866,
			0.36693915724754333,
			0.4275677502155304,
			0.48819631338119507,
			0.48819631338119507,
			0.4345460832118988,
			0.38089579343795776,
			0.32724559307098389,
			0.27359533309936523,
			0.21994510293006897,
			0.16629487276077271,
			0.11264463514089584,
			0.11264463514089584,
			0.10184469819068909,
			0.09104476124048233,
			0.080244831740856171,
			0.069444894790649414,
			0.058644969016313553,
			0.047845035791397095,
			0.037045102566480637,
			0.037045106291770935,
			0.13127139210700989,
			0.22549769282341003,
			0.31972396373748779,
			0.41395026445388794,
			0.50817656517028809,
			0.60240280628204346,
			0.6966291069984436,
			0.6966291069984436,
			0.6062244176864624,
			0.51581966876983643,
			0.4254150390625,
			0.3350103497505188,
			0.2446056455373764,
			0.1542009711265564,
			0.063796281814575195,
			0.063796281814575195,
			0.063796281814575195,
			0.063796281814575195,
			0.063796281814575195
		],
		[
			0.063796281814575195,
			0.063796281814575195,
			0.063796281814575195,
			0.063796281814575195,
			0.063796281814575195,
			0.13540273904800415,
			0.20700919628143311,
			0.27861565351486206,
			0.35022211074829102,
			0.42182856798171997,
			0.49343502521514893,
			0.56504148244857788,
			0.56504148244857788,
			0.50180202722549438,
			0.43856260180473328,
			0.37532317638397217,
			0.31208372116088867,
			0.24884429574012756,
			0.18560487031936646,
			0.12236542999744415,
			0.12236543744802475,
			0.11282289773225784,
			0.10328035056591034,
			0.093737810850143433,
			0.084195271134376526,
			0.074652723968029022,
			0.065110184252262115,
			0.05556764081120491,
			0.055567644536495209,
			0.15443630516529083,
			0.25330495834350586,
			0.35217359662055969,
			0.4510422945022583,
			0.54991090297698975,
			0.64877957105636597,
			0.74764823913574219,
			0.74764823913574219,
			0.64995509386062622,
			0.55226194858551025,
			0.45456880331039429,
			0.35687565803527832,
			0.25918254256248474,
			0.16148941218852997,
			0.063796281814575195,
			0.063796281814575195,
			0.063796281814575195,
			0.063796281814575195,
			0.063796281814575195
		],
		[
			0.063796281814575195,
			0.063796281814575195,
			0.063796281814575195,
			0.063796281814575195,
			0.063796281814575195,
			0.14638061821460724,
			0.22896495461463928,
			0.31154930591583252,
			0.39413362741470337,
			0.47671794891357422,
			0.55930233001708984,
			0.64188659191131592,
			0.64188665151596069,
			0.56905800104141235,
			0.49622935056686401,
			0.42340075969696045,
			0.35057210922241211,
			0.27774348855018616,
			0.20491486787796021,
			0.13208624720573425,
			0.13208624720573425,
			0.123801089823246,
			0.11551593244075775,
			0.1072307825088501,
			0.098945632576942444,
			0.09066048264503479,
			0.082375332713127136,
			0.074090182781219482,
			0.074090190231800079,
			0.17760121822357178,
			0.28111225366592407,
			0.38462325930595398,
			0.48813426494598389,
			0.59164530038833618,
			0.69515633583068848,
			0.79866737127304077,
			0.79866737127304077,
			0.69368577003479004,
			0.58870416879653931,
			0.48372259736061096,
			0.37874099612236023,
			0.27375942468643188,
			0.16877785325050354,
			0.063796281814575195,
			0.063796281814575195,
			0.063796281814575195,
			0.063796281814575195,
			0.063796281814575195
		],
		[
			0.063796281814575195,
			0.063796281814575195,
			0.063796281814575195,
			0.063796281814575195,
			0.063796281814575195,
			0.15735849738121033,
			0.25092071294784546,
			0.34448292851448059,
			0.43804514408111572,
			0.53160732984542847,
			0.62516957521438599,
			0.71873176097869873,
			0.71873176097869873,
			0.63631391525268555,
			0.55389612913131714,
			0.47147831320762634,
			0.38906049728393555,
			0.30664268136024475,
			0.22422486543655396,
			0.14180704951286316,
			0.14180704951286316,
			0.13477928936481476,
			0.12775152921676636,
			0.12072376161813736,
			0.11369600892066956,
			0.10666824132204056,
			0.099640488624572754,
			0.092612728476524353,
			0.092612728476524353,
			0.20076611638069153,
			0.3089195191860199,
			0.41707289218902588,
			0.52522629499435425,
			0.63337969779968262,
			0.74153310060501099,
			0.84968644380569458,
			0.84968644380569458,
			0.73741644620895386,
			0.62514638900756836,
			0.51287639141082764,
			0.40060633420944214,
			0.28833630681037903,
			0.17606630921363831,
			0.063796281814575195,
			0.063796281814575195,
			0.063796281814575195,
			0.063796281814575195,
			0.063796281814575195
		],
		[
			0.063796281814575195,
			0.063796281814575195,
			0.063796281814575195,
			0.063796281814575195,
			0.063796281814575195,
			0.16833639144897461,
			0.27287650108337402,
			0.37741658091545105,
			0.48195669054985046,
			0.58649677038192749,
			0.6910368800163269,
			0.79557693004608154,
			0.79557693004608154,
			0.70356994867324829,
			0.61156290769577026,
			0.51955592632293701,
			0.42754888534545898,
			0.33554184436798096,
			0.24353486299514771,
			0.15152785181999207,
			0.15152785181999207,
			0.14575748145580292,
			0.13998711109161377,
			0.13421674072742462,
			0.12844637036323547,
			0.12267599999904633,
			0.11690562963485718,
			0.11113525927066803,
			0.11113526672124863,
			0.22393102943897247,
			0.33672678470611572,
			0.44952255487442017,
			0.56231832504272461,
			0.67511409521102905,
			0.78790980577468872,
			0.90070563554763794,
			0.90070557594299316,
			0.78114712238311768,
			0.66158860921859741,
			0.54203015565872192,
			0.42247167229652405,
			0.30291321873664856,
			0.18335475027561188,
			0.063796281814575195,
			0.063796281814575195,
			0.063796281814575195,
			0.063796281814575195,
			0.063796281814575195
		],
		[
			0.063796281814575195,
			0.063796281814575195,
			0.063796281814575195,
			0.063796281814575195,
			0.063796281814575195,
			0.1793142557144165,
			0.29483222961425781,
			0.41035020351409912,
			0.52586817741394043,
			0.64138615131378174,
			0.75690412521362305,
			0.87242209911346436,
			0.87242209911346436,
			0.77082586288452148,
			0.66922968626022339,
			0.56763345003128052,
			0.46603727340698242,
			0.36444103717803955,
			0.26284486055374146,
			0.16124865412712097,
			0.16124865412712097,
			0.15673567354679108,
			0.15222269296646118,
			0.14770972728729248,
			0.14319673180580139,
			0.13868376612663269,
			0.1341707855463028,
			0.1296578049659729,
			0.1296578049659729,
			0.24709594249725342,
			0.36453408002853394,
			0.48197221755981445,
			0.59941035509109497,
			0.71684843301773071,
			0.83428663015365601,
			0.95172470808029175,
			0.95172470808029175,
			0.82487773895263672,
			0.69803088903427124,
			0.57118391990661621,
			0.44433701038360596,
			0.3174901008605957,
			0.19064319133758545,
			0.063796281814575195,
			0.063796281814575195,
			0.063796281814575195,
			0.063796281814575195,
			0.063796281814575195
		],
		[
			0.063796281814575195,
			0.063796281814575195,
			0.063796281814575195,
			0.063796281814575195,
			0.063796281814575195,
			0.1793142557144165,
			0.29483222961425781,
			0.41035020351409912,
			0.52586817741394043,
			0.64138615131378174,
			0.75690412521362305,
			0.87242209911346436,
			0.87242209911346436,
			0.77082586288452148,
			0.66922968626022339,
			0.56763345003128052,
			0.46603727340698242,
			0.36444103717803955,
			0.26284486055374146,
			0.16124865412712097,
			0.16124865412712097,
			0.15673567354679108,
			0.15222269296646118,
			0.14770972728729248,
			0.14319674670696259,
			0.13868376612663269,
			0.1341707855463028,
			0.1296578049659729,
			0.1296578049659729,
			0.24709594249725342,
			0.36453408002853394,
			0.48197218775749207,
			0.59941035509109497,
			0.71684849262237549,
			0.83428657054901123,
			0.95172470808029175,
			0.95172470808029175,
			0.82487773895263672,
			0.69803088903427124,
			0.57118391990661621,
			0.44433701038360596,
			0.3174901008605957,
			0.19064319133758545,
			0.063796281814575195,
			0.063796281814575195,
			0.063796281814575195,
			0.063796281814575195,
			0.063796281814575195
		],
		[
			0.063796281814575195,
			0.063796281814575195,
			0.063796281814575195,
			0.063796281814575195,
			0.063796281814575195,
			0.17533950507640839,
			0.28688272833824158,
			0.39842596650123596,
			0.50996917486190796,
			0.62151241302490234,
			0.73305565118789673,
			0.84459882974624634,
			0.84459882974624634,
			0.75355714559555054,
			0.66251534223556519,
			0.57147371768951416,
			0.48043200373649597,
			0.38939028978347778,
			0.29834860563278198,
			0.20730689167976379,
			0.20730689167976379,
			0.21250517666339874,
			0.21770346164703369,
			0.22290173172950745,
			0.2281000167131424,
			0.23329828679561615,
			0.2384965717792511,
			0.24369485676288605,
			0.24369485676288605,
			0.34582719206809998,
			0.4479595422744751,
			0.55009186267852783,
			0.65222424268722534,
			0.7543565034866333,
			0.85648888349533081,
			0.95862114429473877,
			0.95862114429473877,
			0.83078902959823608,
			0.7029569149017334,
			0.57512480020523071,
			0.44729265570640564,
			0.31946051120758057,
			0.19162839651107788,
			0.063796281814575195,
			0.063796281814575195,
			0.063796281814575195,
			0.063796281814575195,
			0.063796281814575195
		],
		[
			0.063796281814575195,
			0.063796281814575195,
			0.063796281814575195,
			0.063796281814575195,
			0.063796281814575195,
			0.17136475443840027,
			0.27893322706222534,
			0.3865017294883728,
			0.49407017230987549,
			0.60163867473602295,
			0.70920717716217041,
			0.8167756199836731,
			0.8167756199836731,
			0.73628830909729004,
			0.65580123662948608,
			0.5753139853477478,
			0.49482673406600952,
			0.41433954238891602,
			0.33385235071182251,
			0.25336512923240662,
			0.25336512923240662,
			0.2682746946811676,
			0.2831842303276062,
			0.2980937659740448,
			0.3130033016204834,
			0.32791280746459961,
			0.3428223729133606,
			0.35773190855979919,
			0.35773190855979919,
			0.44455847144126892,
			0.53138500452041626,
			0.61821150779724121,
			0.70503807067871094,
			0.79186457395553589,
			0.87869107723236084,
			0.96551764011383057,
			0.96551764011383057,
			0.83670032024383545,
			0.70788294076919556,
			0.57906562089920044,
			0.45024830102920532,
			0.32143095135688782,
			0.19261361658573151,
			0.063796281814575195,
			0.063796281814575195,
			0.063796281814575195,
			0.063796281814575195,
			0.063796281814575195
		],
		[
			0.063796281814575195,
			0.063796281814575195,
			0.063796281814575195,
			0.063796281814575195,
			0.063796281814575195,
			0.16739001870155334,
			0.27098375558853149,
			0.37457746267318726,
			0.47817119956016541,
			0.58176493644714355,
			0.68535864353179932,
			0.78895235061645508,
			0.78895235061645508,
			0.71901959180831909,
			0.64908689260482788,
			0.57915425300598145,
			0.50922149419784546,
			0.43928879499435425,
			0.36935609579086304,
			0.29942339658737183,
			0.29942339658737183,
			0.32404416799545288,
			0.34866496920585632,
			0.37328577041625977,
			0.39790657162666321,
			0.42252737283706665,
			0.44714814424514771,
			0.47176894545555115,
			0.47176894545555115,
			0.54328972101211548,
			0.61481040716171265,
			0.68633115291595459,
			0.75785189867019653,
			0.82937264442443848,
			0.90089339017868042,
			0.97241413593292236,
			0.97241413593292236,
			0.84261155128479004,
			0.71280902624130249,
			0.58300644159317017,
			0.45320391654968262,
			0.32340136170387268,
			0.19359882175922394,
			0.063796281814575195,
			0.063796281814575195,
			0.063796281814575195,
			0.063796281814575195,
			0.063796281814575195
		],
		[
			0.063796281814575195,
			0.063796281814575195,
			0.063796281814575195,
			0.063796281814575195,
			0.063796281814575195,
			0.16341525316238403,
			0.26303422451019287,
			0.3626532256603241,
			0.46227222681045532,
			0.56189119815826416,
			0.661510169506073,
			0.76112914085388184,
			0.76112914085388184,
			0.70175093412399292,
			0.64237266778945923,
			0.58299446105957031,
			0.5236162543296814,
			0.46423804759979248,
			0.40485984086990356,
			0.34548163414001465,
			0.34548163414001465,
			0.37981367111206055,
			0.41414573788642883,
			0.44847780466079712,
			0.48280984163284302,
			0.51714187860488892,
			0.55147397518157959,
			0.58580601215362549,
			0.58580601215362549,
			0.64202094078063965,
			0.69823586940765381,
			0.75445079803466797,
			0.81066572666168213,
			0.86688071489334106,
			0.92309564352035522,
			0.97931063175201416,
			0.97931063175201416,
			0.84852278232574463,
			0.71773505210876465,
			0.58694732189178467,
			0.45615953207015991,
			0.32537180185317993,
			0.19458404183387756,
			0.063796281814575195,
			0.063796281814575195,
			0.063796281814575195,
			0.063796281814575195,
			0.063796281814575195
		],
		[
			0.063796281814575195,
			0.063796281814575195,
			0.063796281814575195,
			0.063796281814575195,
			0.063796281814575195,
			0.15944051742553711,
			0.25508475303649902,
			0.35072895884513855,
			0.44637322425842285,
			0.54201740026473999,
			0.6376616358757019,
			0.73330587148666382,
			0.73330587148666382,
			0.6844821572303772,
			0.6356583833694458,
			0.58683472871780396,
			0.53801101446151733,
			0.48918730020523071,
			0.44036358594894409,
			0.39153987169265747,
			0.39153987169265747,
			0.43558317422866821,
			0.47962647676467896,
			0.52366983890533447,
			0.56771308183670044,
			0.61175638437271118,
			0.6557997465133667,
			0.69984304904937744,
			0.69984304904937744,
			0.74075222015380859,
			0.78166133165359497,
			0.82257044315338135,
			0.8634796142578125,
			0.90438878536224365,
			0.94529789686203003,
			0.98620706796646118,
			0.98620706796646118,
			0.85443413257598877,
			0.72266107797622681,
			0.59088814258575439,
			0.45911517739295959,
			0.32734218239784241,
			0.19556924700737,
			0.063796281814575195,
			0.063796281814575195,
			0.063796281814575195,
			0.063796281814575195,
			0.063796281814575195
		],
		[
