{
	"heat_map" : 
	[
		[
			0.16151583194732666,
			0.16151583194732666,
			0.16151583194732666,
			0.16151583194732666,
			0.16151583194732666,
			0.16151583194732666,
			0.16151583194732666,
			0.16151583194732666,
			0.16151583194732666,
			0.16151583194732666,
			0.16151583194732666,
			0.16151583194732666,
			0.16151583194732666,
			0.16151583194732666,
			0.16151583194732666,
			0.16151583194732666,
			0.16151583194732666,
			0.16151583194732666,
			0.16151583194732666,
			0.16151583194732666,
			0.16151583194732666,
			0.16151583194732666,
			0.16151583194732666,
			0.16151583194732666,
			0.16151583194732666,
			0.16151583194732666,
			0.16151583194732666,
			0.16151583194732666,
			0.16151583194732666,
			0.16151583194732666,
			0.16151583194732666,
			0.16151583194732666,
			0.16151583194732666,
			0.16151583194732666,
			0.16151583194732666,
			0.16151583194732666,
			0.16151583194732666,
			0.16151583194732666,
			0.16151583194732666,
			0.16151583194732666,
			0.16151583194732666,
			0.16151583194732666,
			0.16151583194732666,
			0.16151583194732666,
			0.16151583194732666,
			0.16151583194732666,
			0.16151583194732666,
			0.16151583194732666
		],
		[
			0.16151583194732666,
			0.16151583194732666,
			0.16151583194732666,
			0.16151583194732666,
			0.16151583194732666,
			0.16151583194732666,
			0.16151583194732666,
			0.16151583194732666,
			0.16151583194732666,
			0.16151583194732666,
			0.16151583194732666,
			0.16151583194732666,
			0.16151583194732666,
			0.16151583194732666,
			0.16151583194732666,
			0.16151583194732666,
			0.16151583194732666,
			0.16151583194732666,
			0.16151583194732666,
			0.16151583194732666,
			0.16151583194732666,
			0.16151583194732666,
			0.16151583194732666,
			0.16151583194732666,
			0.16151583194732666,
			0.16151583194732666,
			0.16151583194732666,
			0.16151583194732666,
			0.16151583194732666,
			0.16151583194732666,
			0.16151583194732666,
			0.16151583194732666,
			0.16151583194732666,
			0.16151583194732666,
			0.16151583194732666,
			0.16151583194732666,
			0.16151583194732666,
			0.16151583194732666,
			0.16151583194732666,
			0.16151583194732666,
			0.16151583194732666,
			0.16151583194732666,
			0.16151583194732666,
			0.16151583194732666,
			0.16151583194732666,
			0.16151583194732666,
			0.16151583194732666,
			0.16151583194732666
		],
		[
			0.16151583194732666,
			0.16151583194732666,
			0.16151583194732666,
			0.16151583194732666,
			0.16151583194732666,
			0.16151583194732666,
			0.16151583194732666,
			0.16151583194732666,
			0.16151583194732666,
			0.16151583194732666,
			0.16151583194732666,
			0.16151583194732666,
			0.16151583194732666,
			0.16151583194732666,
			0.16151583194732666,
			0.16151583194732666,
			0.16151583194732666,
			0.16151583194732666,
			0.16151583194732666,
			0.16151583194732666,
			0.16151583194732666,
			0.16151583194732666,
			0.16151583194732666,
			0.16151583194732666,
			0.16151583194732666,
			0.16151583194732666,
			0.16151583194732666,
			0.16151583194732666,
			0.16151583194732666,
			0.16151583194732666,
			0.16151583194732666,
			0.16151583194732666,
			0.16151583194732666,
			0.16151583194732666,
			0.16151583194732666,
			0.16151583194732666,
			0.16151583194732666,
			0.16151583194732666,
			0.16151583194732666,
			0.16151583194732666,
			0.16151583194732666,
			0.16151583194732666,
			0.16151583194732666,
			0.16151583194732666,
			0.16151583194732666,
			0.16151583194732666,
			0.16151583194732666,
			0.16151583194732666
		],
		[
			0.16151583194732666,
			0.16151583194732666,
			0.16151583194732666,
			0.16151583194732666,
			0.16151583194732666,
			0.16151583194732666,
			0.16151583194732666,
			0.16151583194732666,
			0.16151583194732666,
			0.16151583194732666,
			0.16151583194732666,
			0.16151583194732666,
			0.16151583194732666,
			0.16151583194732666,
			0.16151583194732666,
			0.16151583194732666,
			0.16151583194732666,
			0.16151583194732666,
			0.16151583194732666,
			0.16151583194732666,
			0.16151583194732666,
			0.16151583194732666,
			0.16151583194732666,
			0.16151583194732666,
			0.16151583194732666,
			0.16151583194732666,
			0.16151583194732666,
			0.16151583194732666,
			0.16151583194732666,
			0.16151583194732666,
			0.16151583194732666,
			0.16151583194732666,
			0.16151583194732666,
			0.16151583194732666,
			0.16151583194732666,
			0.16151583194732666,
			0.16151583194732666,
			0.16151583194732666,
			0.16151583194732666,
			0.16151583194732666,
			0.16151583194732666,
			0.16151583194732666,
			0.16151583194732666,
			0.16151583194732666,
			0.16151583194732666,
			0.16151583194732666,
			0.16151583194732666,
			0.16151583194732666
		],
		[
			0.16151583194732666,
			0.16151583194732666,
			0.16151583194732666,
			0.16151583194732666,
			0.16151583194732666,
			0.16151583194732666,
			0.16151583194732666,
			0.16151583194732666,
			0.16151583194732666,
			0.16151583194732666,
			0.16151583194732666,
			0.16151583194732666,
			0.16151583194732666,
			0.16151583194732666,
			0.16151583194732666,
			0.16151583194732666,
			0.16151583194732666,
			0.16151583194732666,
			0.16151583194732666,
			0.16151583194732666,
			0.16151583194732666,
			0.16151583194732666,
			0.16151583194732666,
			0.16151583194732666,
			0.16151583194732666,
			0.16151583194732666,
			0.16151583194732666,
			0.16151583194732666,
			0.16151583194732666,
			0.16151583194732666,
			0.16151583194732666,
			0.16151583194732666,
			0.16151583194732666,
			0.16151583194732666,
			0.16151583194732666,
			0.16151583194732666,
			0.16151583194732666,
			0.16151583194732666,
			0.16151583194732666,
			0.16151583194732666,
			0.16151583194732666,
			0.16151583194732666,
			0.16151583194732666,
			0.16151583194732666,
			0.16151583194732666,
			0.16151583194732666,
			0.16151583194732666,
			0.16151583194732666
		],
		[
			0.16151583194732666,
			0.16151583194732666,
			0.16151583194732666,
			0.16151583194732666,
			0.16151583194732666,
			0.17862775921821594,
			0.19573968648910522,
			0.21285159885883331,
			0.2299635261297226,
			0.24707543849945068,
			0.26418736577033997,
			0.28129929304122925,
			0.28129929304122925,
			0.27950003743171692,
			0.27770072221755981,
			0.27590146660804749,
			0.27410221099853516,
			0.27230292558670044,
			0.27050366997718811,
			0.26870438456535339,
			0.26870438456535339,
			0.26586586236953735,
			0.2630273699760437,
			0.26018887758255005,
			0.25735035538673401,
			0.25451186299324036,
			0.2516733705997467,
			0.24883486330509186,
			0.24883486330509186,
			0.24459920823574066,
			0.24036356806755066,
			0.23612791299819946,
			0.23189225792884827,
			0.22765663266181946,
			0.22342097759246826,
			0.21918532252311707,
			0.21918532252311707,
			0.21094682812690735,
			0.20270831882953644,
			0.19446982443332672,
			0.186231330037117,
			0.17799283564090729,
			0.16975432634353638,
			0.16151583194732666,
			0.16151583194732666,
			0.16151583194732666,
			0.16151583194732666,
			0.16151583194732666
		],
		[
			0.16151583194732666,
			0.16151583194732666,
			0.16151583194732666,
			0.16151583194732666,
			0.16151583194732666,
			0.19573968648910522,
			0.2299635261297226,
			0.26418736577033997,
			0.29841122031211853,
			0.33263504505157471,
			0.36685889959335327,
			0.40108275413513184,
			0.40108275413513184,
			0.3974841833114624,
			0.39388564229011536,
			0.3902871310710907,
			0.38668853044509888,
			0.38309001922607422,
			0.37949147820472717,
			0.37589293718338013,
			0.37589290738105774,
			0.37021592259407043,
			0.36453893780708313,
			0.35886192321777344,
			0.35318487882614136,
			0.34750789403915405,
			0.34183090925216675,
			0.33615389466285706,
			0.33615389466285706,
			0.32768258452415466,
			0.31921130418777466,
			0.31073999404907227,
			0.30226868391036987,
			0.29379740357398987,
			0.28532612323760986,
			0.27685481309890747,
			0.27685481309890747,
			0.26037782430648804,
			0.24390082061290741,
			0.22742381691932678,
			0.21094681322574615,
			0.19446982443332672,
			0.17799282073974609,
			0.16151583194732666,
			0.16151583194732666,
			0.16151583194732666,
			0.16151583194732666,
			0.16151583194732666
		],
		[
			0.16151583194732666,
			0.16151583194732666,
			0.16151583194732666,
			0.16151583194732666,
			0.16151583194732666,
			0.21285159885883331,
			0.26418736577033997,
			0.31552314758300781,
			0.36685889959335327,
			0.41819465160369873,
			0.46953043341636658,
			0.52086621522903442,
			0.52086621522903442,
			0.51546835899353027,
			0.5100705623626709,
			0.50467270612716675,
			0.49927490949630737,
			0.49387708306312561,
			0.48847925662994385,
			0.48308145999908447,
			0.48308145999908447,
			0.47456595301628113,
			0.46605044603347778,
			0.45753490924835205,
			0.44901943206787109,
			0.44050389528274536,
			0.4319884181022644,
			0.42347291111946106,
			0.42347291111946106,
			0.41076597571372986,
			0.39805901050567627,
			0.38535207509994507,
			0.37264513969421387,
			0.35993817448616028,
			0.34723123908042908,
			0.33452430367469788,
			0.33452430367469788,
			0.30980882048606873,
			0.28509330749511719,
			0.26037782430648804,
			0.2356623113155365,
			0.21094681322574615,
			0.18623131513595581,
			0.16151583194732666,
			0.16151583194732666,
			0.16151583194732666,
			0.16151583194732666,
			0.16151583194732666
		],
		[
			0.16151583194732666,
			0.16151583194732666,
			0.16151583194732666,
			0.16151583194732666,
			0.16151583194732666,
			0.2299635261297226,
			0.29841122031211853,
			0.36685889959335327,
			0.4353066086769104,
			0.50375425815582275,
			0.57220196723937988,
			0.64064967632293701,
			0.64064967632293701,
			0.63345253467559814,
			0.62625545263290405,
			0.61905837059020996,
			0.61186122894287109,
			0.60466420650482178,
			0.59746712446212769,
			0.59027004241943359,
			0.59026998281478882,
			0.57891601324081421,
			0.56756198406219482,
			0.55620801448822021,
			0.54485392570495605,
			0.53349995613098145,
			0.52214598655700684,
			0.51079195737838745,
			0.51079195737838745,
			0.49384936690330505,
			0.47690674662590027,
			0.45996415615081787,
			0.44302153587341309,
			0.42607897520065308,
			0.40913638472557068,
			0.39219379425048828,
			0.39219379425048828,
			0.35923978686332703,
			0.32628577947616577,
			0.2933318018913269,
			0.26037779450416565,
			0.22742381691932678,
			0.19446982443332672,
			0.16151583194732666,
			0.16151583194732666,
			0.16151583194732666,
			0.16151583194732666,
			0.16151583194732666
		],
		[
			0.16151583194732666,
			0.16151583194732666,
			0.16151583194732666,
			0.16151583194732666,
			0.16151583194732666,
			0.24707543849945068,
			0.33263504505157471,
			0.41819465160369873,
			0.50375425815582275,
			0.58931386470794678,
			0.6748734712600708,
			0.76043307781219482,
			0.76043307781219482,
			0.75143676996231079,
			0.74244040250778198,
			0.7334439754486084,
			0.72444760799407959,
			0.71545124053955078,
			0.70645487308502197,
			0.69745850563049316,
			0.69745856523513794,
			0.6832660436630249,
			0.66907352209091187,
			0.65488100051879883,
			0.64068853855133057,
			0.62649595737457275,
			0.61230343580245972,
			0.59811091423034668,
			0.59811097383499146,
			0.57693272829055786,
			0.55575448274612427,
			0.53457623720169067,
			0.51339799165725708,
			0.49221974611282349,
			0.47104150056838989,
			0.4498632550239563,
			0.4498632550239563,
			0.40867078304290771,
			0.36747828125953674,
			0.32628580927848816,
			0.28509330749511719,
			0.24390080571174622,
			0.20270830392837524,
			0.16151583194732666,
			0.16151583194732666,
			0.16151583194732666,
			0.16151583194732666,
			0.16151583194732666
		],
		[
			0.16151583194732666,
			0.16151583194732666,
			0.16151583194732666,
			0.16151583194732666,
			0.16151583194732666,
			0.26418736577033997,
			0.36685889959335327,
			0.46953043341636658,
			0.57220196723937988,
			0.6748734712600708,
			0.77754503488540649,
			0.88021653890609741,
			0.88021653890609741,
			0.86942088603973389,
			0.85862529277801514,
			0.84782958030700684,
			0.83703398704528809,
			0.82623833417892456,
			0.81544268131256104,
			0.80464708805084229,
			0.80464708805084229,
			0.7876160740852356,
			0.77058506011962891,
			0.75355398654937744,
			0.73652303218841553,
			0.71949195861816406,
			0.70246094465255737,
			0.68542999029159546,
			0.68542999029159546,
			0.66001611948013306,
			0.63460218906402588,
			0.60918831825256348,
			0.58377444744110107,
			0.5583605170249939,
			0.53294664621353149,
			0.50753277540206909,
			0.50753277540206909,
			0.45810174942016602,
			0.40867075324058533,
			0.35923978686332703,
			0.30980879068374634,
			0.26037779450416565,
			0.21094682812690735,
			0.16151583194732666,
			0.16151583194732666,
			0.16151583194732666,
			0.16151583194732666,
			0.16151583194732666
		],
		[
			0.16151583194732666,
			0.16151583194732666,
			0.16151583194732666,
			0.16151583194732666,
			0.16151583194732666,
			0.28129929304122925,
			0.40108275413513184,
			0.52086621522903442,
			0.64064967632293701,
			0.76043307781219482,
			0.88021653890609741,
			1,
			1,
			0.98740512132644653,
			0.97481024265289307,
			0.96221524477005005,
			0.94962036609649658,
			0.93702542781829834,
			0.92443054914474487,
			0.91183561086654663,
			0.91183561086654663,
			0.89196610450744629,
			0.87209659814834595,
			0.85222709178924561,
			0.83235752582550049,
			0.81248801946640015,
			0.7926185131072998,
			0.77274900674819946,
			0.77274900674819946,
			0.74309945106506348,
			0.71344995498657227,
			0.68380039930343628,
			0.65415084362030029,
			0.62450128793716431,
			0.5948517918586731,
			0.56520223617553711,
			0.56520223617553711,
			0.50753271579742432,
			0.4498632550239563,
			0.39219379425048828,
			0.33452427387237549,
			0.27685481309890747,
			0.21918532252311707,
			0.16151583194732666,
			0.16151583194732666,
			0.16151583194732666,
			0.16151583194732666,
			0.16151583194732666
		],
		[
			0.16151583194732666,
			0.16151583194732666,
			0.16151583194732666,
			0.16151583194732666,
			0.16151583194732666,
			0.28129929304122925,
			0.40108275413513184,
			0.52086621522903442,
			0.64064967632293701,
			0.76043307781219482,
			0.88021653890609741,
			1,
			1,
			0.98740512132644653,
			0.97481018304824829,
			0.96221524477005005,
			0.94962036609649658,
			0.93702542781829834,
			0.92443054914474487,
			0.91183561086654663,
			0.91183561086654663,
			0.89196610450744629,
			0.87209659814834595,
			0.85222703218460083,
			0.83235758543014526,
			0.81248801946640015,
			0.7926185131072998,
			0.77274900674819946,
			0.77274900674819946,
			0.74309945106506348,
			0.71344995498657227,
			0.68380039930343628,
			0.65415084362030029,
			0.62450128793716431,
			0.5948517918586731,
			0.56520223617553711,
			0.56520223617553711,
			0.50753271579742432,
			0.4498632550239563,
			0.39219379425048828,
			0.33452427387237549,
			0.27685478329658508,
			0.21918530762195587,
			0.16151583194732666,
			0.16151583194732666,
			0.16151583194732666,
			0.16151583194732666,
			0.16151583194732666
		],
		[
			0.16151583194732666,
			0.16151583194732666,
			0.16151583194732666,
			0.16151583194732666,
			0.16151583194732666,
			0.27773800492286682,
			0.39396014809608459,
			0.51018232107162476,
			0.62640446424484253,
			0.74262666702270508,
			0.85884875059127808,
			0.97507095336914062,
			0.97507095336914062,
			0.9599347710609436,
			0.94479876756668091,
			0.92966258525848389,
			0.91452652215957642,
			0.89939033985137939,
			0.88425427675247192,
			0.8691180944442749,
			0.8691180944442749,
			0.85141301155090332,
			0.83370792865753174,
			0.81600278615951538,
			0.79829764366149902,
			0.78059262037277222,
			0.76288741827011108,
			0.7451823353767395,
			0.7451823353767395,
			0.71416497230529785,
			0.68314754962921143,
			0.652130126953125,
			0.62111270427703857,
			0.59009528160095215,
			0.5590779185295105,
			0.5280604362487793,
			0.5280604362487793,
			0.47569698095321655,
			0.42333343625068665,
			0.37096992135047913,
			0.31860637664794922,
			0.26624289155006409,
			0.21387934684753418,
			0.16151583194732666,
			0.16151583194732666,
			0.16151583194732666,
			0.16151583194732666,
			0.16151583194732666
		],
		[
			0.16151583194732666,
			0.16151583194732666,
			0.16151583194732666,
			0.16151583194732666,
			0.16151583194732666,
			0.27417668700218201,
			0.38683754205703735,
			0.49949842691421509,
			0.61215925216674805,
			0.72482013702392578,
			0.83748102188110352,
			0.95014190673828125,
			0.95014190673828125,
			0.93246454000473022,
			0.91478723287582397,
			0.89710986614227295,
			0.87943261861801147,
			0.86175525188446045,
			0.84407800436019897,
			0.82640069723129272,
			0.82640069723129272,
			0.81085997819900513,
			0.79531925916671753,
			0.77977854013442993,
			0.76423782110214233,
			0.74869716167449951,
			0.73315644264221191,
			0.71761566400527954,
			0.71761566400527954,
			0.68523037433624268,
			0.65284508466720581,
			0.62045985460281372,
			0.58807456493377686,
			0.55568921566009521,
			0.52330398559570312,
			0.49091872572898865,
			0.49091872572898865,
			0.44386118650436401,
			0.3968035876750946,
			0.34974604845046997,
			0.30268847942352295,
			0.25563094019889832,
			0.20857340097427368,
			0.16151583194732666,
			0.16151583194732666,
			0.16151583194732666,
			0.16151583194732666,
			0.16151583194732666
		],
		[
			0.16151583194732666,
			0.16151583194732666,
			0.16151583194732666,
			0.16151583194732666,
			0.16151583194732666,
			0.27061539888381958,
			0.3797149658203125,
			0.48881453275680542,
			0.59791409969329834,
			0.70701366662979126,
			0.81611323356628418,
			0.92521274089813232,
			0.92521274089813232,
			0.90499430894851685,
			0.88477575778961182,
			0.86455720663070679,
			0.84433877468109131,
			0.8241201639175415,
			0.80390167236328125,
			0.783683180809021,
			0.783683180809021,
			0.77030682563781738,
			0.75693058967590332,
			0.74355423450469971,
			0.73017799854278564,
			0.71680164337158203,
			0.70342534780502319,
			0.69004899263381958,
			0.69004899263381958,
			0.65629589557647705,
			0.62254273891448975,
			0.58878952264785767,
			0.55503642559051514,
			0.52128326892852783,
			0.48753014206886292,
			0.45377695560455322,
			0.45377698540687561,
			0.41202539205551147,
			0.37027379870414734,
			0.3285222053527832,
			0.28677058219909668,
			0.24501900374889374,
			0.2032674252986908,
			0.16151583194732666,
			0.16151583194732666,
			0.16151583194732666,
			0.16151583194732666,
			0.16151583194732666
		],
		[
			0.16151583194732666,
			0.16151583194732666,
			0.16151583194732666,
			0.16151583194732666,
			0.16151583194732666,
			0.26705411076545715,
			0.37259238958358765,
			0.47813063859939575,
			0.58366894721984863,
			0.68920719623565674,
			0.79474544525146484,
			0.90028369426727295,
			0.90028369426727295,
			0.87752395868301392,
			0.85476428270339966,
			0.8320046067237854,
			0.80924487113952637,
			0.78648507595062256,
			0.7637253999710083,
			0.74096572399139404,
			0.74096572399139404,
			0.72975379228591919,
			0.71854192018508911,
			0.70732998847961426,
			0.6961180567741394,
			0.68490612506866455,
			0.67369425296783447,
			0.66248238086700439,
			0.66248238086700439,
			0.62736135721206665,
			0.59224027395248413,
			0.55711925029754639,
			0.52199828624725342,
			0.48687723278999329,
			0.45175620913505554,
			0.41663521528244019,
			0.41663521528244019,
			0.38018956780433655,
			0.3437439501285553,
			0.30729833245277405,
			0.27085268497467041,
			0.23440706729888916,
			0.19796144962310791,
			0.16151583194732666,
			0.16151583194732666,
			0.16151583194732666,
			0.16151583194732666,
			0.16151583194732666
		],
		[
			0.16151583194732666,
			0.16151583194732666,
			0.16151583194732666,
			0.16151583194732666,
			0.16151583194732666,
			0.26349282264709473,
			0.36546978354454041,
			0.46744674444198608,
			0.56942373514175415,
			0.67140066623687744,
			0.77337765693664551,
			0.87535464763641357,
			0.87535464763641357,
			0.85005372762680054,
			0.8247528076171875,
			0.79945188760757446,
			0.77415096759796143,
			0.74884998798370361,
			0.72354912757873535,
			0.69824826717376709,
			0.69824826717376709,
			0.689200758934021,
			0.6801532506942749,
			0.67110574245452881,
			0.66205823421478271,
			0.65301072597503662,
			0.64396321773529053,
			0.63491570949554443,
			0.63491570949554443,
			0.59842675924301147,
			0.56193786859512329,
			0.52544897794723511,
			0.48896011710166931,
			0.45247119665145874,
			0.41598233580589294,
			0.37949344515800476,
			0.37949344515800476,
			0.3483538031578064,
			0.31721413135528564,
			0.28607445955276489,
			0.25493478775024414,
			0.22379514575004578,
			0.19265547394752502,
			0.16151583194732666,
			0.16151583194732666,
			0.16151583194732666,
			0.16151583194732666,
			0.16151583194732666
		],
		[
			0.16151583194732666,
			0.16151583194732666,
			0.16151583194732666,
			0.16151583194732666,
			0.16151583194732666,
			0.25993150472640991,
			0.35834717750549316,
			0.45676285028457642,
			0.55517852306365967,
			0.65359419584274292,
			0.75200986862182617,
			0.85042554140090942,
			0.85042554140090942,
			0.82258343696594238,
			0.79474133253097534,
			0.7668992280960083,
			0.73905706405639648,
			0.71121495962142944,
			0.6833728551864624,
			0.65553081035614014,
			0.65553075075149536,
			0.64864766597747803,
			0.64176452159881592,
			0.63488149642944336,
			0.62799835205078125,
			0.62111520767211914,
			0.61423212289810181,
			0.60734903812408447,
			0.60734903812408447,
			0.56949228048324585,
			0.53163552284240723,
			0.49377873539924622,
			0.45592197775840759,
			0.41806519031524658,
			0.38020843267440796,
			0.34235167503356934,
			0.34235167503356934,
			0.31651800870895386,
			0.2906842827796936,
			0.26485061645507812,
			0.23901690542697906,
			0.21318322420120239,
			0.18734952807426453,
			0.16151583194732666,
			0.16151583194732666,
			0.16151583194732666,
			0.16151583194732666,
			0.16151583194732666
		],
		[
			0.16151583194732666,
			0.16151583194732666,
			0.16151583194732666,
			0.16151583194732666,
			0.16151583194732666,
			0.25637021660804749,
			0.35122460126876831,
			0.44607895612716675,
			0.54093337059020996,
			0.6357877254486084,
			0.73064208030700684,
			0.82549649477005005,
			0.82549649477005005,
			0.79511314630508423,
			0.76472985744476318,
			0.73434656858444214,
			0.70396327972412109,
			0.67357993125915527,
			0.64319664239883423,
			0.61281329393386841,
			0.61281329393386841,
			0.60809463262557983,
			0.60337591171264648,
			0.59865719079971313,
			0.59393846988677979,
			0.58921980857849121,
			0.58450108766555786,
			0.57978236675262451,
			0.57978236675262451,
			0.54055774211883545,
			0.50133305788040161,
			0.46210843324661255,
			0.42288380861282349,
			0.38365918397903442,
			0.34443455934524536,
			0.3052099347114563,
			0.3052099347114563,
			0.28468221426010132,
			0.26415446400642395,
			0.24362674355506897,
			0.22309902310371399,
			0.20257128775119781,
			0.18204355239868164,
			0.16151583194732666,
			0.16151583194732666,
			0.16151583194732666,
			0.16151583194732666,
			0.16151583194732666
		],
		[
			0.16151583194732666,
			0.16151583194732666,
			0.16151583194732666,
			0.16151583194732666,
			0.16151583194732666,
			0.25637021660804749,
			0.35122460126876831,
			0.44607898592948914,
			0.54093337059020996,
			0.6357877254486084,
			0.73064213991165161,
			0.82549649477005005,
			0.82549649477005005,
			0.79511314630508423,
			0.76472985744476318,
			0.73434656858444214,
			0.70396322011947632,
			0.67357993125915527,
			0.64319658279418945,
			0.61281329393386841,
			0.61281329393386841,
			0.60809463262557983,
			0.60337591171264648,
			0.59865719079971313,
			0.59393846988677979,
			0.58921980857849121,
			0.58450108766555786,
			0.57978236675262451,
			0.57978236675262451,
			0.54055774211883545,
			0.50133305788040161,
			0.46210846304893494,
			0.42288383841514587,
			0.38365918397903442,
			0.34443455934524536,
			0.3052099347114563,
			0.3052099347114563,
			0.28468221426010132,
			0.26415446400642395,
			0.24362674355506897,
			0.22309902310371399,
			0.20257128775119781,
			0.18204355239868164,
			0.16151583194732666,
			0.16151583194732666,
			0.16151583194732666,
			0.16151583194732666,
			0.16151583194732666
		],
		[
			0.16151583194732666,
			0.16151583194732666,
			0.16151583194732666,
			0.16151583194732666,
			0.16151583194732666,
			0.24760064482688904,
			0.3336854875087738,
			0.41977030038833618,
			0.50585514307022095,
			0.59193998575210571,
			0.6780247688293457,
			0.76410955190658569,
			0.76410955190658569,
			0.72998940944671631,
			0.6958693265914917,
			0.66174912452697754,
			0.62762892246246338,
			0.59350878000259399,
			0.55938869714736938,
			0.5252685546875,
			0.5252685546875,
			0.52462798357009888,
			0.52398735284805298,
			0.52334684133529663,
			0.52270627021789551,
			0.52206569910049438,
			0.52142512798309326,
			0.52078455686569214,
			0.52078455686569214,
			0.48994126915931702,
			0.45909798145294189,
			0.42825469374656677,
			0.39741137623786926,
			0.36656808853149414,
			0.33572480082511902,
			0.3048815131187439,
			0.3048815131187439,
			0.28440073132514954,
			0.2639198899269104,
			0.24343907833099365,
			0.2229582816362381,
			0.20247745513916016,
			0.18199664354324341,
			0.16151583194732666,
			0.16151583194732666,
			0.16151583194732666,
			0.16151583194732666,
			0.16151583194732666
		],
		[
			0.16151583194732666,
			0.16151583194732666,
			0.16151583194732666,
			0.16151583194732666,
			0.16151583194732666,
			0.23883108794689178,
			0.3161463737487793,
			0.39346161484718323,
			0.47077688574790955,
			0.54809212684631348,
			0.62540745735168457,
			0.70272266864776611,
			0.70272266864776611,
			0.66486567258834839,
			0.62700867652893066,
			0.58915174007415771,
			0.55129468441009521,
			0.51343774795532227,
			0.47558075189590454,
			0.4377237856388092,
			0.4377237856388092,
			0.44116133451461792,
			0.44459891319274902,
			0.44803649187088013,
			0.45147404074668884,
			0.45491158962249756,
			0.45834916830062866,
			0.46178671717643738,
			0.46178671717643738,
			0.43932479619979858,
			0.4168628454208374,
			0.39440092444419861,
			0.37193894386291504,
			0.34947702288627625,
			0.32701504230499268,
			0.30455312132835388,
			0.30455312132835388,
			0.28411921858787537,
			0.26368531584739685,
			0.24325141310691833,
			0.22281752526760101,
			0.2023836225271225,
			0.18194973468780518,
			0.16151583194732666,
			0.16151583194732666,
			0.16151583194732666,
			0.16151583194732666,
			0.16151583194732666
		],
		[
			0.16151583194732666,
			0.16151583194732666,
			0.16151583194732666,
			0.16151583194732666,
			0.16151583194732666,
			0.23006153106689453,
			0.29860725998878479,
			0.36715292930603027,
			0.43569865822792053,
			0.50424432754516602,
			0.57279008626937866,
			0.64133578538894653,
			0.64133578538894653,
			0.59974193572998047,
			0.55814814567565918,
			0.51655429601669312,
			0.47496047616004944,
			0.43336665630340576,
			0.39177283644676208,
			0.35017901659011841,
			0.35017901659011841,
			0.35769471526145935,
			0.36521044373512268,
			0.37272614240646362,
			0.38024181127548218,
			0.38775753974914551,
			0.39527323842048645,
			0.402788907289505,
			0.402788907289505,
			0.38870832324028015,
			0.3746277391910553,
			0.36054712533950806,
			0.34646651148796082,
			0.33238589763641357,
			0.31830531358718872,
			0.30422472953796387,
			0.30422469973564148,
			0.28383773565292358,
			0.2634507417678833,
			0.24306374788284302,
			0.22267675399780273,
			0.20228978991508484,
			0.18190282583236694,
			0.16151583194732666,
			0.16151583194732666,
			0.16151583194732666,
			0.16151583194732666,
			0.16151583194732666
		],
		[
			0.16151583194732666,
			0.16151583194732666,
			0.16151583194732666,
			0.16151583194732666,
			0.16151583194732666,
			0.22129197418689728,
			0.28106814622879028,
			0.34084427356719971,
			0.40062040090560913,
			0.46039655804634094,
			0.52017271518707275,
			0.57994884252548218,
			0.57994884252548218,
			0.53461813926696777,
			0.48928752541542053,
			0.4439568817615509,
			0.39862620830535889,
			0.35329556465148926,
			0.30796492099761963,
			0.26263421773910522,
			0.26263421773910522,
			0.27422809600830078,
			0.28582194447517395,
			0.29741576313972473,
			0.30900958180427551,
			0.32060343027114868,
			0.33219727873802185,
			0.34379112720489502,
			0.34379109740257263,
			0.33809185028076172,
			0.33239257335662842,
			0.3266933262348175,
			0.3209940493106842,
			0.31529480218887329,
			0.30959555506706238,
			0.30389630794525146,
			0.30389630794525146,
			0.28355622291564941,
			0.26321616768836975,
			0.2428760826587677,
			0.22253602743148804,
			0.20219597220420837,
			0.18185590207576752,
			0.16151583194732666,
			0.16151583194732666,
			0.16151583194732666,
			0.16151583194732666,
			0.16151583194732666
		],
		[
			0.16151583194732666,
			0.16151583194732666,
			0.16151583194732666,
			0.16151583194732666,
			0.16151583194732666,
			0.21252241730690002,
			0.26352900266647339,
			0.31453555822372437,
			0.36554217338562012,
			0.41654872894287109,
			0.46755534410476685,
			0.51856189966201782,
			0.51856189966201782,
			0.46949443221092224,
			0.42042693495750427,
			0.3713594377040863,
			0.32229197025299072,
			0.27322444319725037,
			0.22415697574615479,
			0.17508949339389801,
			0.17508949339389801,
			0.19076144695281982,
			0.20643343031406403,
			0.22210539877414703,
			0.23777735233306885,
			0.25344935059547424,
			0.26912131905555725,
			0.28479331731796265,
			0.28479328751564026,
			0.28747537732124329,
			0.29015746712684631,
			0.29283955693244934,
			0.29552164673805237,
			0.29820370674133301,
			0.30088579654693604,
			0.30356788635253906,
			0.30356788635253906,
			0.28327473998069763,
			0.2629815936088562,
			0.24268843233585358,
			0.22239527106285095,
			0.20210212469100952,
			0.18180897831916809,
			0.16151583194732666,
			0.16151583194732666,
			0.16151583194732666,
			0.16151583194732666,
			0.16151583194732666
		],
		[
			0.16151583194732666,
			0.16151583194732666,
			0.16151583194732666,
			0.16151583194732666,
			0.16151583194732666,
			0.20375286042690277,
			0.24598988890647888,
			0.2882269024848938,
			0.3304639458656311,
			0.37270098924636841,
			0.41493800282478333,
			0.45717501640319824,
			0.45717501640319824,
			0.40437069535255432,
			0.35156634449958801,
			0.29876205325126648,
			0.24595770239830017,
			0.19315336644649506,
			0.14034906029701233,
			0.087544731795787811,
			0.087544731795787811,
			0.10729483515024185,
			0.12704494595527649,
			0.14679504930973053,
			0.16654516756534576,
			0.1862952709197998,
			0.20604538917541504,
			0.22579549252986908,
			0.22579549252986908,
			0.23685891926288605,
			0.24792236089706421,
			0.25898578763008118,
			0.27004921436309814,
			0.28111261129379272,
			0.29217606782913208,
			0.30323949456214905,
			0.30323949456214905,
			0.28299322724342346,
			0.26274701952934265,
			0.24250078201293945,
			0.22225454449653625,
			0.20200830698013306,
			0.18176206946372986,
			0.16151583194732666,
			0.16151583194732666,
			0.16151583194732666,
			0.16151583194732666,
			0.16151583194732666
		],
		[
			0.16151583194732666,
			0.16151583194732666,
			0.16151583194732666,
			0.16151583194732666,
			0.16151583194732666,
			0.19498330354690552,
			0.22845077514648438,
			0.26191824674606323,
			0.29538571834564209,
			0.32885316014289856,
			0.3623206615447998,
			0.39578810334205627,
			0.39578810334205627,
			0.33924692869186401,
			0.28270578384399414,
			0.22616460919380188,
			0.16962344944477081,
			0.11308228969573975,
			0.056541129946708679,
			-2.9802322387695312e-08,
			-2.9802322387695312e-08,
			0.023828215897083282,
			0.047656461596488953,
			0.071484707295894623,
			0.095312952995300293,
			0.11914119869470596,
			0.14296944439411163,
			0.16679768264293671,
			0.16679768264293671,
			0.18624246120452881,
			0.20568722486495972,
			0.22513198852539062,
			0.24457676708698273,
			0.26402151584625244,
			0.28346630930900574,
			0.30291107296943665,
			0.30291107296943665,
			0.28271177411079407,
			0.2625124454498291,
			0.24231311678886414,
			0.22211378812789917,
			0.2019144743680954,
			0.18171516060829163,
			0.16151583194732666,
			0.16151583194732666,
			0.16151583194732666,
			0.16151583194732666,
			0.16151583194732666
		],
		[
			0.16151583194732666,
			0.16151583194732666,
			0.16151583194732666,
			0.16151583194732666,
			0.16151583194732666,
			0.19498330354690552,
			0.22845077514648438,
			0.26191824674606323,
			0.29538571834564209,
			0.32885316014289856,
			0.36232063174247742,
			0.39578810334205627,
			0.39578810334205627,
			0.33924692869186401,
			0.28270578384399414,
			0.22616460919380188,
			0.16962344944477081,
			0.11308228969573975,
			0.056541129946708679,
			-2.9802322387695312e-08,
			-2.9802322387695312e-08,
			0.023828215897083282,
			0.047656461596488953,
			0.071484707295894623,
			0.095312952995300293,
			0.11914119869470596,
			0.14296944439411163,
			0.16679768264293671,
			0.16679768264293671,
			0.18624246120452881,
			0.20568722486495972,
			0.22513198852539062,
			0.24457676708698273,
			0.26402154564857483,
			0.28346630930900574,
			0.30291107296943665,
			0.30291107296943665,
			0.28271177411079407,
			0.2625124454498291,
			0.24231310188770294,
			0.22211378812789917,
			0.2019144743680954,
			0.18171514570713043,
			0.16151583194732666,
			0.16151583194732666,
			0.16151583194732666,
			0.16151583194732666,
			0.16151583194732666
		],
		[
			0.16151583194732666,
			0.16151583194732666,
			0.16151583194732666,
			0.16151583194732666,
			0.16151583194732666,
			0.19814608991146088,
			0.23477636277675629,
			0.2714066207408905,
			0.3080369234085083,
			0.34466716647148132,
			0.38129746913909912,
			0.41792768239974976,
			0.41792768239974976,
			0.37251099944114685,
			0.32709434628486633,
			0.28167766332626343,
			0.23626101016998291,
			0.19084435701370239,
			0.14542768895626068,
			0.10001102089881897,
			0.10001102089881897,
			0.11733771860599518,
			0.13466441631317139,
			0.15199112892150879,
			0.169317826628685,
			0.1866445392370224,
			0.20397123694419861,
			0.22129793465137482,
			0.22129793465137482,
			0.24596516788005829,
			0.27063238620758057,
			0.29529961943626404,
			0.31996685266494751,
			0.34463405609130859,
			0.36930131912231445,
			0.39396855235099792,
			0.39396855235099792,
			0.36076101660728455,
			0.32755348086357117,
			0.29434594511985779,
			0.26113840937614441,
			0.22793088853359222,
			0.19472336769104004,
			0.16151583194732666,
			0.16151583194732666,
			0.16151583194732666,
			0.16151583194732666,
			0.16151583194732666
		],
		[
			0.16151583194732666,
			0.16151583194732666,
			0.16151583194732666,
			0.16151583194732666,
			0.16151583194732666,
			0.20130889117717743,
			0.2411019504070282,
			0.28089502453804016,
			0.32068809866905212,
			0.3604811429977417,
			0.40027421712875366,
			0.44006729125976562,
			0.44006729125976562,
			0.40577509999275208,
			0.37148293852806091,
			0.33719074726104736,
			0.3028985857963562,
			0.26860642433166504,
			0.23431424796581268,
			0.20002207159996033,
			0.20002207159996033,
			0.21084722876548767,
			0.22167238593101501,
			0.23249754309654236,
			0.2433227002620697,
			0.25414785742759705,
			0.26497304439544678,
			0.27579817175865173,
			0.27579817175865173,
			0.30568787455558777,
			0.33557754755020142,
			0.36546725034713745,
			0.3953569233417511,
			0.42524659633636475,
			0.45513629913330078,
			0.48502600193023682,
			0.48502600193023682,
			0.43881025910377502,
			0.39259451627731323,
			0.34637877345085144,
			0.30016303062438965,
			0.25394728779792786,
			0.20773157477378845,
			0.16151583194732666,
			0.16151583194732666,
			0.16151583194732666,
			0.16151583194732666,
			0.16151583194732666
		],
		[
			0.16151583194732666,
			0.16151583194732666,
			0.16151583194732666,
			0.16151583194732666,
			0.16151583194732666,
			0.20447170734405518,
			0.2474275529384613,
			0.29038339853286743,
			0.33333927392959595,
			0.37629514932632446,
			0.41925102472305298,
			0.46220684051513672,
			0.46220687031745911,
			0.43903917074203491,
			0.41587150096893311,
			0.3927038311958313,
			0.36953616142272949,
			0.3463684618473053,
			0.3232007622718811,
			0.3000330924987793,
			0.30003312230110168,
			0.30435675382614136,
			0.30868035554885864,
			0.31300395727157593,
			0.3173275887966156,
			0.32165122032165527,
			0.32597482204437256,
			0.33029842376708984,
			0.33029842376708984,
			0.36541056632995605,
			0.40052273869514465,
			0.43563485145568848,
			0.47074702382087708,
			0.5058591365814209,
			0.54097127914428711,
			0.57608342170715332,
			0.57608342170715332,
			0.51685947179794312,
			0.4576355516910553,
			0.39841163158416748,
			0.33918765187263489,
			0.27996370196342468,
			0.22073978185653687,
			0.16151583194732666,
			0.16151583194732666,
			0.16151583194732666,
			0.16151583194732666,
			0.16151583194732666
		],
		[
			0.16151583194732666,
			0.16151583194732666,
			0.16151583194732666,
			0.16151583194732666,
			0.16151583194732666,
			0.20763449370861053,
			0.25375315546989441,
			0.29987180233001709,
			0.34599047899246216,
			0.39210912585258484,
			0.43822780251502991,
			0.48434644937515259,
			0.48434644937515259,
			0.47230327129364014,
			0.46026009321212769,
			0.44821691513061523,
			0.43617373704910278,
			0.42413055896759033,
			0.41208738088607788,
			0.40004417300224304,
			0.40004417300224304,
			0.39786624908447266,
			0.39568832516670227,
			0.39351040124893188,
			0.39133244752883911,
			0.38915455341339111,
			0.38697659969329834,
			0.38479867577552795,
			0.38479867577552795,
			0.42513328790664673,
			0.46546787023544312,
			0.50580251216888428,
			0.54613709449768066,
			0.58647167682647705,
			0.62680631875991821,
			0.66714096069335938,
			0.6671409010887146,
			0.59490877389907837,
			0.52267658710479736,
			0.45044445991516113,
			0.37821227312088013,
			0.3059801459312439,
			0.23374798893928528,
			0.16151583194732666,
			0.16151583194732666,
			0.16151583194732666,
			0.16151583194732666,
			0.16151583194732666
		],
		[
			0.16151583194732666,
			0.16151583194732666,
			0.16151583194732666,
			0.16151583194732666,
			0.16151583194732666,
			0.21079729497432709,
			0.26007875800132751,
			0.30936020612716675,
			0.35864168405532837,
			0.4079231321811676,
			0.45720458030700684,
			0.50648605823516846,
			0.50648605823516846,
			0.50556737184524536,
			0.50464868545532227,
			0.50372999906539917,
			0.50281131267547607,
			0.5018925666809082,
			0.50097388029098511,
			0.50005519390106201,
			0.50005519390106201,
			0.49137574434280396,
			0.4826962947845459,
			0.47401681542396545,
			0.46533733606338501,
			0.45665782690048218,
			0.44797840714454651,
			0.43929892778396606,
			0.43929892778396606,
			0.4848560094833374,
			0.53041303157806396,
			0.5759701132774353,
			0.62152719497680664,
			0.6670842170715332,
			0.71264129877090454,
			0.75819838047027588,
			0.75819838047027588,
			0.67295801639556885,
			0.58771765232086182,
			0.50247728824615479,
			0.41723689436912537,
			0.33199653029441833,
			0.24675619602203369,
			0.16151583194732666,
			0.16151583194732666,
			0.16151583194732666,
			0.16151583194732666,
			0.16151583194732666
		],
		[
			0.16151583194732666,
			0.16151583194732666,
			0.16151583194732666,
			0.16151583194732666,
			0.16151583194732666,
			0.21396009624004364,
			0.26640436053276062,
			0.31884860992431641,
			0.37129288911819458,
			0.42373710870742798,
			0.47618138790130615,
			0.52862560749053955,
			0.52862560749053955,
			0.53883147239685059,
			0.54903721809387207,
			0.55924302339553833,
			0.56944882869720459,
			0.57965463399887085,
			0.58986043930053711,
			0.60006624460220337,
			0.60006624460220337,
			0.58488523960113525,
			0.56970423460006714,
			0.55452322959899902,
			0.53934222459793091,
			0.52416121959686279,
			0.50898021459579468,
			0.49379917979240417,
			0.49379917979240417,
