{
	"heat_map" : 
	[
		[
			0.25622695684432983,
			0.25622695684432983,
			0.25622695684432983,
			0.25622695684432983,
			0.25622695684432983,
			0.25622695684432983,
			0.25622695684432983,
			0.25622695684432983,
			0.25622695684432983,
			0.25622695684432983,
			0.25622695684432983,
			0.25622695684432983,
			0.25622695684432983,
			0.25622695684432983,
			0.25622695684432983,
			0.25622695684432983,
			0.25622695684432983,
			0.25622695684432983,
			0.25622695684432983,
			0.25622695684432983,
			0.25622695684432983,
			0.25622695684432983,
			0.25622695684432983,
			0.25622695684432983,
			0.25622695684432983,
			0.25622695684432983,
			0.25622695684432983,
			0.25622695684432983,
			0.25622695684432983,
			0.25622695684432983,
			0.25622695684432983,
			0.25622695684432983,
			0.25622695684432983,
			0.25622695684432983,
			0.25622695684432983,
			0.25622695684432983,
			0.25622695684432983,
			0.25622695684432983,
			0.25622695684432983,
			0.25622695684432983,
			0.25622695684432983,
			0.25622695684432983,
			0.25622695684432983,
			0.25622695684432983,
			0.25622695684432983,
			0.25622695684432983,
			0.25622695684432983,
			0.25622695684432983
		],
		[
			0.25622695684432983,
			0.25622695684432983,
			0.25622695684432983,
			0.25622695684432983,
			0.25622695684432983,
			0.25622695684432983,
			0.25622695684432983,
			0.25622695684432983,
			0.25622695684432983,
			0.25622695684432983,
			0.25622695684432983,
			0.25622695684432983,
			0.25622695684432983,
			0.25622695684432983,
			0.25622695684432983,
			0.25622695684432983,
			0.25622695684432983,
			0.25622695684432983,
			0.25622695684432983,
			0.25622695684432983,
			0.25622695684432983,
			0.25622695684432983,
			0.25622695684432983,
			0.25622695684432983,
			0.25622695684432983,
			0.25622695684432983,
			0.25622695684432983,
			0.25622695684432983,
			0.25622695684432983,
			0.25622695684432983,
			0.25622695684432983,
			0.25622695684432983,
			0.25622695684432983,
			0.25622695684432983,
			0.25622695684432983,
			0.25622695684432983,
			0.25622695684432983,
			0.25622695684432983,
			0.25622695684432983,
			0.25622695684432983,
			0.25622695684432983,
			0.25622695684432983,
			0.25622695684432983,
			0.25622695684432983,
			0.25622695684432983,
			0.25622695684432983,
			0.25622695684432983,
			0.25622695684432983
		],
		[
			0.25622695684432983,
			0.25622695684432983,
			0.25622695684432983,
			0.25622695684432983,
			0.25622695684432983,
			0.25622695684432983,
			0.25622695684432983,
			0.25622695684432983,
			0.25622695684432983,
			0.25622695684432983,
			0.25622695684432983,
			0.25622695684432983,
			0.25622695684432983,
			0.25622695684432983,
			0.25622695684432983,
			0.25622695684432983,
			0.25622695684432983,
			0.25622695684432983,
			0.25622695684432983,
			0.25622695684432983,
			0.25622695684432983,
			0.25622695684432983,
			0.25622695684432983,
			0.25622695684432983,
			0.25622695684432983,
			0.25622695684432983,
			0.25622695684432983,
			0.25622695684432983,
			0.25622695684432983,
			0.25622695684432983,
			0.25622695684432983,
			0.25622695684432983,
			0.25622695684432983,
			0.25622695684432983,
			0.25622695684432983,
			0.25622695684432983,
			0.25622695684432983,
			0.25622695684432983,
			0.25622695684432983,
			0.25622695684432983,
			0.25622695684432983,
			0.25622695684432983,
			0.25622695684432983,
			0.25622695684432983,
			0.25622695684432983,
			0.25622695684432983,
			0.25622695684432983,
			0.25622695684432983
		],
		[
			0.25622695684432983,
			0.25622695684432983,
			0.25622695684432983,
			0.25622695684432983,
			0.25622695684432983,
			0.25622695684432983,
			0.25622695684432983,
			0.25622695684432983,
			0.25622695684432983,
			0.25622695684432983,
			0.25622695684432983,
			0.25622695684432983,
			0.25622695684432983,
			0.25622695684432983,
			0.25622695684432983,
			0.25622695684432983,
			0.25622695684432983,
			0.25622695684432983,
			0.25622695684432983,
			0.25622695684432983,
			0.25622695684432983,
			0.25622695684432983,
			0.25622695684432983,
			0.25622695684432983,
			0.25622695684432983,
			0.25622695684432983,
			0.25622695684432983,
			0.25622695684432983,
			0.25622695684432983,
			0.25622695684432983,
			0.25622695684432983,
			0.25622695684432983,
			0.25622695684432983,
			0.25622695684432983,
			0.25622695684432983,
			0.25622695684432983,
			0.25622695684432983,
			0.25622695684432983,
			0.25622695684432983,
			0.25622695684432983,
			0.25622695684432983,
			0.25622695684432983,
			0.25622695684432983,
			0.25622695684432983,
			0.25622695684432983,
			0.25622695684432983,
			0.25622695684432983,
			0.25622695684432983
		],
		[
			0.25622695684432983,
			0.25622695684432983,
			0.25622695684432983,
			0.25622695684432983,
			0.25622695684432983,
			0.25622695684432983,
			0.25622695684432983,
			0.25622695684432983,
			0.25622695684432983,
			0.25622695684432983,
			0.25622695684432983,
			0.25622695684432983,
			0.25622695684432983,
			0.25622695684432983,
			0.25622695684432983,
			0.25622695684432983,
			0.25622695684432983,
			0.25622695684432983,
			0.25622695684432983,
			0.25622695684432983,
			0.25622695684432983,
			0.25622695684432983,
			0.25622695684432983,
			0.25622695684432983,
			0.25622695684432983,
			0.25622695684432983,
			0.25622695684432983,
			0.25622695684432983,
			0.25622695684432983,
			0.25622695684432983,
			0.25622695684432983,
			0.25622695684432983,
			0.25622695684432983,
			0.25622695684432983,
			0.25622695684432983,
			0.25622695684432983,
			0.25622695684432983,
			0.25622695684432983,
			0.25622695684432983,
			0.25622695684432983,
			0.25622695684432983,
			0.25622695684432983,
			0.25622695684432983,
			0.25622695684432983,
			0.25622695684432983,
			0.25622695684432983,
			0.25622695684432983,
			0.25622695684432983
		],
		[
			0.25622695684432983,
			0.25622695684432983,
			0.25622695684432983,
			0.25622695684432983,
			0.25622695684432983,
			0.26012483239173889,
			0.26402270793914795,
			0.26792061328887939,
			0.27181845903396606,
			0.27571636438369751,
			0.27961421012878418,
			0.28351211547851562,
			0.28351211547851562,
			0.28329965472221375,
			0.28308719396591187,
			0.28287473320960999,
			0.28266227245330811,
			0.28244981169700623,
			0.28223735094070435,
			0.28202489018440247,
			0.28202489018440247,
			0.28197041153907776,
			0.28191590309143066,
			0.28186142444610596,
			0.28180694580078125,
			0.28175243735313416,
			0.28169795870780945,
			0.28164348006248474,
			0.28164348006248474,
			0.28273016214370728,
			0.28381684422492981,
			0.28490352630615234,
			0.28599017858505249,
			0.28707689046859741,
			0.28816354274749756,
			0.28925025463104248,
			0.28925022482872009,
			0.28453263640403748,
			0.27981498837471008,
			0.27509739995002747,
			0.27037978172302246,
			0.26566219329833984,
			0.26094457507133484,
			0.25622695684432983,
			0.25622695684432983,
			0.25622695684432983,
			0.25622695684432983,
			0.25622695684432983
		],
		[
			0.25622695684432983,
			0.25622695684432983,
			0.25622695684432983,
			0.25622695684432983,
			0.25622695684432983,
			0.26402270793914795,
			0.27181845903396606,
			0.27961421012878418,
			0.28740996122360229,
			0.2952057421207428,
			0.3030015230178833,
			0.31079727411270142,
			0.31079724431037903,
			0.31037235260009766,
			0.30994740128517151,
			0.30952250957489014,
			0.30909758806228638,
			0.30867263674736023,
			0.30824774503707886,
			0.3078228235244751,
			0.30782279372215271,
			0.3077138364315033,
			0.30760484933853149,
			0.30749589204788208,
			0.30738690495491028,
			0.30727791786193848,
			0.30716896057128906,
			0.30705997347831726,
			0.30705997347831726,
			0.30923333764076233,
			0.3114067018032074,
			0.31358006596565247,
			0.31575343012809753,
			0.3179267942905426,
			0.32010015845298767,
			0.32227352261543274,
			0.32227352261543274,
			0.31283828616142273,
			0.30340307950973511,
			0.2939678430557251,
			0.28453263640403748,
			0.27509739995002747,
			0.26566219329833984,
			0.25622695684432983,
			0.25622695684432983,
			0.25622695684432983,
			0.25622695684432983,
			0.25622695684432983
		],
		[
			0.25622695684432983,
			0.25622695684432983,
			0.25622695684432983,
			0.25622695684432983,
			0.25622695684432983,
			0.26792061328887939,
			0.27961421012878418,
			0.29130786657333374,
			0.3030015230178833,
			0.31469511985778809,
			0.32638877630233765,
			0.33808240294456482,
			0.33808240294456482,
			0.33744505047798157,
			0.33680763840675354,
			0.3361702561378479,
			0.33553287386894226,
			0.33489549160003662,
			0.33425810933113098,
			0.33362072706222534,
			0.33362072706222534,
			0.33345729112625122,
			0.33329379558563232,
			0.33313032984733582,
			0.33296686410903931,
			0.3328033983707428,
			0.33263993263244629,
			0.33247649669647217,
			0.33247649669647217,
			0.33573654294013977,
			0.33899655938148499,
			0.34225663542747498,
			0.34551668167114258,
			0.34877669811248779,
			0.3520367443561554,
			0.355296790599823,
			0.355296790599823,
			0.34114399552345276,
			0.32699111104011536,
			0.31283828616142273,
			0.29868543148040771,
			0.28453260660171509,
			0.27037978172302246,
			0.25622695684432983,
			0.25622695684432983,
			0.25622695684432983,
			0.25622695684432983,
			0.25622695684432983
		],
		[
			0.25622695684432983,
			0.25622695684432983,
			0.25622695684432983,
			0.25622695684432983,
			0.25622695684432983,
			0.27181845903396606,
			0.28740996122360229,
			0.3030015230178833,
			0.31859302520751953,
			0.33418452739715576,
			0.34977605938911438,
			0.36536756157875061,
			0.36536756157875061,
			0.36451771855354309,
			0.36366784572601318,
			0.36281803250312805,
			0.36196815967559814,
			0.36111834645271301,
			0.36026850342750549,
			0.35941866040229797,
			0.35941866040229797,
			0.35920071601867676,
			0.35898274183273315,
			0.35876479744911194,
			0.35854685306549072,
			0.35832887887954712,
			0.35811096429824829,
			0.35789299011230469,
			0.35789299011230469,
			0.36223971843719482,
			0.36658644676208496,
			0.3709331750869751,
			0.37527990341186523,
			0.37962663173675537,
			0.38397336006164551,
			0.38832008838653564,
			0.38832008838653564,
			0.36944964528083801,
			0.35057920217514038,
			0.33170872926712036,
			0.31283828616142273,
			0.2939678430557251,
			0.27509739995002747,
			0.25622695684432983,
			0.25622695684432983,
			0.25622695684432983,
			0.25622695684432983,
			0.25622695684432983
		],
		[
			0.25622695684432983,
			0.25622695684432983,
			0.25622695684432983,
			0.25622695684432983,
			0.25622695684432983,
			0.27571636438369751,
			0.2952057421207428,
			0.31469511985778809,
			0.33418452739715576,
			0.35367390513420105,
			0.37316331267356873,
			0.3926527202129364,
			0.3926527202129364,
			0.391590416431427,
			0.39052808284759521,
			0.3894658088684082,
			0.38840347528457642,
			0.38734117150306702,
			0.38627886772155762,
			0.38521659374237061,
			0.38521659374237061,
			0.38494414091110229,
			0.38467168807983398,
			0.38439926505088806,
			0.38412681221961975,
			0.38385438919067383,
			0.38358193635940552,
			0.38330951333045959,
			0.38330951333045959,
			0.38874292373657227,
			0.39417633414268494,
			0.39960974454879761,
			0.40504312515258789,
			0.41047653555870056,
			0.41590994596481323,
			0.42134338617324829,
			0.4213433563709259,
			0.39775529503822327,
			0.37416723370552063,
			0.35057917237281799,
			0.32699114084243774,
			0.30340307950973511,
			0.27981501817703247,
			0.25622695684432983,
			0.25622695684432983,
			0.25622695684432983,
			0.25622695684432983,
			0.25622695684432983
		],
		[
			0.25622695684432983,
			0.25622695684432983,
			0.25622695684432983,
			0.25622695684432983,
			0.25622695684432983,
			0.27961421012878418,
			0.3030015230178833,
			0.32638877630233765,
			0.34977605938911438,
			0.37316331267356873,
			0.39655059576034546,
			0.4199378490447998,
			0.4199378490447998,
			0.41866308450698853,
			0.41738831996917725,
			0.41611355543136597,
			0.41483879089355469,
			0.41356402635574341,
			0.41228926181793213,
			0.41101449728012085,
			0.41101449728012085,
			0.41068756580352783,
			0.41036063432693481,
			0.41003373265266418,
			0.40970680117607117,
			0.40937986969947815,
			0.40905293822288513,
			0.40872600674629211,
			0.40872600674629211,
			0.41524609923362732,
			0.42176619172096252,
			0.42828628420829773,
			0.43480637669563293,
			0.44132643938064575,
			0.44784653186798096,
			0.45436662435531616,
			0.45436665415763855,
			0.42606097459793091,
			0.39775532484054565,
			0.36944964528083801,
			0.34114396572113037,
			0.31283828616142273,
			0.28453263640403748,
			0.25622695684432983,
			0.25622695684432983,
			0.25622695684432983,
			0.25622695684432983,
			0.25622695684432983
		],
		[
			0.25622695684432983,
			0.25622695684432983,
			0.25622695684432983,
			0.25622695684432983,
			0.25622695684432983,
			0.28351211547851562,
			0.31079727411270142,
			0.33808240294456482,
			0.36536756157875061,
			0.3926527202129364,
			0.4199378490447998,
			0.4472230076789856,
			0.4472230076789856,
			0.44573578238487244,
			0.44424855709075928,
			0.44276136159896851,
			0.44127410650253296,
			0.4397868812084198,
			0.43829965591430664,
			0.43681243062019348,
			0.43681243062019348,
			0.43643102049827576,
			0.43604961037635803,
			0.43566817045211792,
			0.4352867603302002,
			0.43490535020828247,
			0.43452394008636475,
			0.43414252996444702,
			0.43414252996444702,
			0.44174930453300476,
			0.4493560791015625,
			0.45696282386779785,
			0.46456962823867798,
			0.47217640280723572,
			0.47978314757347107,
			0.48738992214202881,
			0.48738992214202881,
			0.45436662435531616,
			0.4213433563709259,
			0.38832005858421326,
			0.355296790599823,
			0.32227352261543274,
			0.28925022482872009,
			0.25622695684432983,
			0.25622695684432983,
			0.25622695684432983,
			0.25622695684432983,
			0.25622695684432983
		],
		[
			0.25622695684432983,
			0.25622695684432983,
			0.25622695684432983,
			0.25622695684432983,
			0.25622695684432983,
			0.28351211547851562,
			0.31079724431037903,
			0.33808240294456482,
			0.36536756157875061,
			0.3926527202129364,
			0.4199378490447998,
			0.4472230076789856,
			0.4472230076789856,
			0.44573578238487244,
			0.44424855709075928,
			0.44276133179664612,
			0.44127410650253296,
			0.4397868812084198,
			0.43829965591430664,
			0.43681243062019348,
			0.43681243062019348,
			0.43643102049827576,
			0.43604961037635803,
			0.43566820025444031,
			0.4352867603302002,
			0.43490535020828247,
			0.43452394008636475,
			0.43414252996444702,
			0.43414252996444702,
			0.44174930453300476,
			0.4493560791015625,
			0.45696285367012024,
			0.46456959843635559,
			0.47217637300491333,
			0.47978314757347107,
			0.48738992214202881,
			0.48738992214202881,
			0.45436662435531616,
			0.4213433563709259,
			0.38832005858421326,
			0.355296790599823,
			0.32227352261543274,
			0.28925022482872009,
			0.25622695684432983,
			0.25622695684432983,
			0.25622695684432983,
			0.25622695684432983,
			0.25622695684432983
		],
		[
			0.25622695684432983,
			0.25622695684432983,
			0.25622695684432983,
			0.25622695684432983,
			0.25622695684432983,
			0.28208392858505249,
			0.30794084072113037,
			0.33379781246185303,
			0.35965472459793091,
			0.38551166653633118,
			0.41136860847473145,
			0.43722555041313171,
			0.43722555041313171,
			0.4376538097858429,
			0.43808209896087646,
			0.43851035833358765,
			0.43893864750862122,
			0.4393669068813324,
			0.43979519605636597,
			0.44022345542907715,
			0.44022345542907715,
			0.44187247753143311,
			0.44352149963378906,
			0.44517052173614502,
			0.44681951403617859,
			0.44846856594085693,
			0.45011758804321289,
			0.45176661014556885,
			0.45176661014556885,
			0.45388287305831909,
			0.45599916577339172,
			0.45811542868614197,
			0.46023169159889221,
			0.46234798431396484,
			0.46446427702903748,
			0.46658053994178772,
			0.46658053994178772,
			0.43653002381324768,
			0.40647950768470764,
			0.37642902135848999,
			0.34637847542762756,
			0.31632798910140991,
			0.28627744317054749,
			0.25622695684432983,
			0.25622695684432983,
			0.25622695684432983,
			0.25622695684432983,
			0.25622695684432983
		],
		[
			0.25622695684432983,
			0.25622695684432983,
			0.25622695684432983,
			0.25622695684432983,
			0.25622695684432983,
			0.28065568208694458,
			0.30508440732955933,
			0.32951313257217407,
			0.35394188761711121,
			0.37837064266204834,
			0.4027993381023407,
			0.42722809314727783,
			0.42722809314727783,
			0.42957186698913574,
			0.43191564083099365,
			0.43425941467285156,
			0.4366031289100647,
			0.43894690275192261,
			0.44129067659378052,
			0.44363445043563843,
			0.44363445043563843,
			0.44731390476226807,
			0.45099335908889771,
			0.45467284321784973,
			0.45835229754447937,
			0.46203175187110901,
			0.46571120619773865,
			0.46939069032669067,
			0.46939069032669067,
			0.46601647138595581,
			0.46264222264289856,
			0.45926806330680847,
			0.45589381456375122,
			0.45251956582069397,
			0.44914537668228149,
			0.44577115774154663,
			0.44577115774154663,
			0.41869339346885681,
			0.39161565899848938,
			0.36453792452812195,
			0.3374602198600769,
			0.3103824257850647,
			0.28330469131469727,
			0.25622695684432983,
			0.25622695684432983,
			0.25622695684432983,
			0.25622695684432983,
			0.25622695684432983
		],
		[
			0.25622695684432983,
			0.25622695684432983,
			0.25622695684432983,
			0.25622695684432983,
			0.25622695684432983,
			0.27922749519348145,
			0.30222803354263306,
			0.32522851228713989,
			0.3482290506362915,
			0.37122958898544312,
			0.39423012733459473,
			0.41723063588142395,
			0.41723063588142395,
			0.42148986458778381,
			0.42574918270111084,
			0.4300084114074707,
			0.43426769971847534,
			0.43852689862251282,
			0.44278618693351746,
			0.44704544544219971,
			0.44704544544219971,
			0.45275533199310303,
			0.45846524834632874,
			0.46417516469955444,
			0.46988505125045776,
			0.47559493780136108,
			0.48130485415458679,
			0.48701474070549011,
			0.48701474070549011,
			0.47815003991127014,
			0.46928533911705017,
			0.4604206383228302,
			0.45155590772628784,
			0.44269120693206787,
			0.43382647633552551,
			0.42496177554130554,
			0.42496177554130554,
			0.40085682272911072,
			0.37675181031227112,
			0.35264685750007629,
			0.32854187488555908,
			0.30443692207336426,
			0.28033193945884705,
			0.25622695684432983,
			0.25622695684432983,
			0.25622695684432983,
			0.25622695684432983,
			0.25622695684432983
		],
		[
			0.25622695684432983,
			0.25622695684432983,
			0.25622695684432983,
			0.25622695684432983,
			0.25622695684432983,
			0.27779927849769592,
			0.29937157034873962,
			0.32094389200210571,
			0.3425162136554718,
			0.36408853530883789,
			0.38566085696220398,
			0.40723317861557007,
			0.40723314881324768,
			0.41340792179107666,
			0.41958269476890564,
			0.42575740814208984,
			0.43193221092224121,
			0.4381069540977478,
			0.44428169727325439,
			0.45045647025108337,
			0.45045647025108337,
			0.45819678902626038,
			0.46593713760375977,
			0.47367748618125916,
			0.48141783475875854,
			0.48915815353393555,
			0.49689847230911255,
			0.50463879108428955,
			0.50463879108428955,
			0.49028360843658447,
			0.47592842578887939,
			0.46157321333885193,
			0.44721800088882446,
			0.43286281824111938,
			0.41850757598876953,
			0.40415239334106445,
			0.40415239334106445,
			0.38302019238471985,
			0.36188799142837524,
			0.34075576066970825,
			0.31962358951568604,
			0.29849135875701904,
			0.27735915780067444,
			0.25622695684432983,
			0.25622695684432983,
			0.25622695684432983,
			0.25622695684432983,
			0.25622695684432983
		],
		[
			0.25622695684432983,
			0.25622695684432983,
			0.25622695684432983,
			0.25622695684432983,
			0.25622695684432983,
			0.2763710618019104,
			0.29651516675949097,
			0.31665927171707153,
			0.3368033766746521,
			0.35694748163223267,
			0.37709158658981323,
			0.3972356915473938,
			0.3972356915473938,
			0.40532594919204712,
			0.41341620683670044,
			0.42150646448135376,
			0.42959672212600708,
			0.43768694996833801,
			0.44577720761299133,
			0.45386746525764465,
			0.45386746525764465,
			0.46363824605941772,
			0.47340899705886841,
			0.48317980766296387,
			0.49295055866241455,
			0.50272130966186523,
			0.51249212026596069,
			0.52226287126541138,
			0.52226287126541138,
			0.50241720676422119,
			0.48257148265838623,
			0.46272581815719604,
			0.44288009405136108,
			0.42303439974784851,
			0.40318870544433594,
			0.38334304094314575,
			0.38334304094314575,
			0.36518359184265137,
			0.34702414274215698,
			0.32886472344398499,
			0.3107052743434906,
			0.29254582524299622,
			0.27438637614250183,
			0.25622695684432983,
			0.25622695684432983,
			0.25622695684432983,
			0.25622695684432983,
			0.25622695684432983
		],
		[
			0.25622695684432983,
			0.25622695684432983,
			0.25622695684432983,
			0.25622695684432983,
			0.25622695684432983,
			0.27494284510612488,
			0.29365873336791992,
			0.31237465143203735,
			0.33109056949615479,
			0.34980642795562744,
			0.36852234601974487,
			0.38723823428153992,
			0.38723823428153992,
			0.39724400639533997,
			0.40724974870681763,
			0.4172554612159729,
			0.42726123332977295,
			0.43726694583892822,
			0.44727271795272827,
			0.45727849006652832,
			0.45727849006652832,
			0.46907970309257507,
			0.48088088631629944,
			0.49268212914466858,
			0.50448334217071533,
			0.5162845253944397,
			0.52808576822280884,
			0.5398869514465332,
			0.5398869514465332,
			0.51455074548721313,
			0.48921456933021545,
			0.46387839317321777,
			0.43854218721389771,
			0.41320604085922241,
			0.38786983489990234,
			0.36253365874290466,
			0.36253365874290466,
			0.3473469614982605,
			0.33216029405593872,
			0.31697365641593933,
			0.30178695917129517,
			0.28660029172897339,
			0.27141362428665161,
			0.25622695684432983,
			0.25622695684432983,
			0.25622695684432983,
			0.25622695684432983,
			0.25622695684432983
		],
		[
			0.25622695684432983,
			0.25622695684432983,
			0.25622695684432983,
			0.25622695684432983,
			0.25622695684432983,
			0.27351465821266174,
			0.29080232977867126,
			0.30809003114700317,
			0.3253777027130127,
			0.3426654040813446,
			0.35995307564735413,
			0.37724077701568604,
			0.37724077701568604,
			0.38916203379631042,
			0.40108329057693481,
			0.41300451755523682,
			0.42492574453353882,
			0.43684700131416321,
			0.4487682580947876,
			0.4606894850730896,
			0.4606894850730896,
			0.47452113032341003,
			0.48835277557373047,
			0.50218439102172852,
			0.51601606607437134,
			0.52984774112701416,
			0.54367935657501221,
			0.55751103162765503,
			0.55751103162765503,
			0.52668434381484985,
			0.49585765600204468,
			0.46503099799156189,
			0.43420431017875671,
			0.40337762236595154,
			0.37255096435546875,
			0.34172427654266357,
			0.34172427654266357,
			0.3295103907585144,
			0.31729647517204285,
			0.30508255958557129,
			0.29286867380142212,
			0.28065475821495056,
			0.268440842628479,
			0.25622695684432983,
			0.25622695684432983,
			0.25622695684432983,
			0.25622695684432983,
			0.25622695684432983
		],
		[
			0.25622695684432983,
			0.25622695684432983,
			0.25622695684432983,
			0.25622695684432983,
			0.25622695684432983,
			0.27351465821266174,
			0.29080232977867126,
			0.30809003114700317,
			0.3253777027130127,
			0.3426654040813446,
			0.35995307564735413,
			0.37724077701568604,
			0.37724077701568604,
			0.38916203379631042,
			0.40108326077461243,
			0.41300451755523682,
			0.42492574453353882,
			0.43684700131416321,
			0.44876822829246521,
			0.4606894850730896,
			0.4606894850730896,
			0.47452113032341003,
			0.48835280537605286,
			0.50218445062637329,
			0.51601606607437134,
			0.52984774112701416,
			0.54367935657501221,
			0.55751103162765503,
			0.55751103162765503,
			0.52668434381484985,
			0.49585765600204468,
			0.46503099799156189,
			0.43420431017875671,
			0.40337762236595154,
			0.37255096435546875,
			0.34172427654266357,
			0.34172427654266357,
			0.32951036095619202,
			0.31729647517204285,
			0.30508255958557129,
			0.29286864399909973,
			0.28065475821495056,
			0.26844087243080139,
			0.25622695684432983,
			0.25622695684432983,
			0.25622695684432983,
			0.25622695684432983,
			0.25622695684432983
		],
		[
			0.25622695684432983,
			0.25622695684432983,
			0.25622695684432983,
			0.25622695684432983,
			0.25622695684432983,
			0.27242276072502136,
			0.28861859440803528,
			0.30481439828872681,
			0.32101023197174072,
			0.33720603585243225,
			0.35340186953544617,
			0.3695976734161377,
			0.3695976734161377,
			0.39361712336540222,
			0.41763657331466675,
			0.44165602326393127,
			0.4656754732131958,
			0.48969495296478271,
			0.51371437311172485,
			0.53773385286331177,
			0.53773385286331177,
			0.54045051336288452,
			0.5431671142578125,
			0.5458836555480957,
			0.54860025644302368,
			0.55131697654724121,
			0.55403351783752441,
			0.55675017833709717,
			0.55675017833709717,
			0.52491259574890137,
			0.49307495355606079,
			0.46123737096786499,
			0.4293997585773468,
			0.397562175989151,
			0.3657245934009552,
			0.3338870108127594,
			0.3338870108127594,
			0.32279267907142639,
			0.31169840693473816,
			0.30060413479804993,
			0.28950986266136169,
			0.27841553092002869,
			0.26732125878334045,
			0.25622695684432983,
			0.25622695684432983,
			0.25622695684432983,
			0.25622695684432983,
			0.25622695684432983
		],
		[
			0.25622695684432983,
			0.25622695684432983,
			0.25622695684432983,
			0.25622695684432983,
			0.25622695684432983,
			0.27133092284202576,
			0.28643485903739929,
			0.30153879523277283,
			0.31664276123046875,
			0.3317466676235199,
			0.34685060381889343,
			0.36195456981658936,
			0.36195456981658936,
			0.39807224273681641,
			0.43418985605239868,
			0.47030755877494812,
			0.50642526149749756,
			0.54254287481307983,
			0.57866054773330688,
			0.61477822065353394,
			0.61477822065353394,
			0.60637980699539185,
			0.59798133373260498,
			0.58958297967910767,
			0.5811845064163208,
			0.57278609275817871,
			0.5643877387046814,
			0.55598926544189453,
			0.55598926544189453,
			0.52314078807830811,
			0.4902922511100769,
			0.45744374394416809,
			0.42459529638290405,
			0.39174672961235046,
			0.35889825224876404,
			0.32604974508285522,
			0.32604974508285522,
			0.31607502698898315,
			0.30610036849975586,
			0.29612568020820618,
			0.28615102171897888,
			0.27617630362510681,
			0.26620161533355713,
			0.25622695684432983,
			0.25622695684432983,
			0.25622695684432983,
			0.25622695684432983,
			0.25622695684432983
		],
		[
			0.25622695684432983,
			0.25622695684432983,
			0.25622695684432983,
			0.25622695684432983,
			0.25622695684432983,
			0.27023902535438538,
			0.28425109386444092,
			0.29826316237449646,
			0.31227526068687439,
			0.32628732919692993,
			0.34029939770698547,
			0.35431146621704102,
			0.35431146621704102,
			0.4025273323059082,
			0.45074319839477539,
			0.49895909428596497,
			0.54717499017715454,
			0.59539079666137695,
			0.64360666275024414,
			0.69182252883911133,
			0.69182252883911133,
			0.67230910062789917,
			0.65279567241668701,
			0.63328218460083008,
			0.61376875638961792,
			0.59425532817840576,
			0.57474184036254883,
			0.55522841215133667,
			0.55522841215133667,
			0.52136898040771484,
			0.48750954866409302,
			0.45365014672279358,
			0.41979074478149414,
			0.38593128323554993,
			0.35207188129425049,
			0.31821244955062866,
			0.31821247935295105,
			0.3093574047088623,
			0.30050230026245117,
			0.29164722561836243,
			0.28279218077659607,
			0.27393710613250732,
			0.26508203148841858,
			0.25622695684432983,
			0.25622695684432983,
			0.25622695684432983,
			0.25622695684432983,
			0.25622695684432983
		],
		[
			0.25622695684432983,
			0.25622695684432983,
			0.25622695684432983,
			0.25622695684432983,
			0.25622695684432983,
			0.26914715766906738,
			0.28206735849380493,
			0.29498755931854248,
			0.30790776014328003,
			0.32082796096801758,
			0.33374816179275513,
			0.34666836261749268,
			0.34666836261749268,
			0.406982421875,
			0.4672965407371521,
			0.52761059999465942,
			0.58792471885681152,
			0.64823877811431885,
			0.70855283737182617,
			0.76886695623397827,
			0.76886695623397827,
			0.73823845386505127,
			0.70761001110076904,
			0.67698150873184204,
			0.64635300636291504,
			0.61572450399398804,
			0.58509600162506104,
			0.55446755886077881,
			0.55446755886077881,
			0.51959723234176636,
			0.48472690582275391,
			0.44985654950141907,
			0.41498619318008423,
			0.38011586666107178,
			0.34524554014205933,
			0.31037518382072449,
			0.31037518382072449,
			0.30263972282409668,
			0.29490429162979126,
			0.28716880083084106,
			0.27943333983421326,
			0.27169787883758545,
			0.26396241784095764,
			0.25622695684432983,
			0.25622695684432983,
			0.25622695684432983,
			0.25622695684432983,
			0.25622695684432983
		],
		[
			0.25622695684432983,
			0.25622695684432983,
			0.25622695684432983,
			0.25622695684432983,
			0.25622695684432983,
			0.26805528998374939,
			0.27988362312316895,
			0.29171192646026611,
			0.30354025959968567,
			0.31536859273910522,
			0.32719692587852478,
			0.33902525901794434,
			0.33902525901794434,
			0.41143754124641418,
			0.48384982347488403,
			0.55626213550567627,
			0.62867438793182373,
			0.70108669996261597,
			0.7734990119934082,
			0.84591126441955566,
			0.84591126441955566,
			0.80416774749755859,
			0.76242423057556152,
			0.72068071365356445,
			0.67893719673156738,
			0.63719367980957031,
			0.59545016288757324,
			0.55370664596557617,
			0.55370670557022095,
			0.5178254246711731,
			0.48194417357444763,
			0.44606292247772217,
			0.4101816713809967,
			0.37430042028427124,
			0.33841916918754578,
			0.30253791809082031,
			0.30253791809082031,
			0.29592207074165344,
			0.28930622339248657,
			0.28269034624099731,
			0.27607449889183044,
			0.26945865154266357,
			0.2628428041934967,
			0.25622695684432983,
			0.25622695684432983,
			0.25622695684432983,
			0.25622695684432983,
			0.25622695684432983
		],
		[
			0.25622695684432983,
			0.25622695684432983,
			0.25622695684432983,
			0.25622695684432983,
			0.25622695684432983,
			0.2669634222984314,
			0.27769985795021057,
			0.28843632340431213,
			0.2991727888584137,
			0.30990922451019287,
			0.32064568996429443,
			0.331382155418396,
			0.331382155418396,
			0.41589266061782837,
			0.50040316581726074,
			0.58491367101669312,
			0.66942417621612549,
			0.75393462181091309,
			0.83844512701034546,
			0.92295563220977783,
			0.92295563220977783,
			0.87009710073471069,
			0.81723856925964355,
			0.76437997817993164,
			0.7115214467048645,
			0.65866291522979736,
			0.60580432415008545,
			0.55294579267501831,
			0.55294579267501831,
			0.51605367660522461,
			0.47916147112846375,
			0.44226932525634766,
			0.40537714958190918,
			0.3684849739074707,
			0.33159282803535461,
			0.29470065236091614,
			0.29470065236091614,
			0.28920441865921021,
			0.28370815515518188,
			0.27821192145347595,
			0.27271568775177002,
			0.2672194242477417,
			0.26172319054603577,
			0.25622695684432983,
			0.25622695684432983,
			0.25622695684432983,
			0.25622695684432983,
			0.25622695684432983
		],
		[
			0.25622695684432983,
			0.25622695684432983,
			0.25622695684432983,
			0.25622695684432983,
			0.25622695684432983,
			0.2658715546131134,
			0.27551612257957458,
			0.28516072034835815,
			0.29480528831481934,
			0.30444988608360291,
			0.31409445405006409,
			0.32373905181884766,
			0.32373905181884766,
			0.42034775018692017,
			0.51695644855499268,
			0.61356520652770996,
			0.71017390489578247,
			0.80678260326385498,
			0.90339130163192749,
			1,
			1,
			0.93602645397186279,
			0.87205284833908081,
			0.80807924270629883,
			0.74410569667816162,
			0.68013209104537964,
			0.61615848541259766,
			0.55218493938446045,
			0.55218493938446045,
			0.51428186893463135,
			0.47637876868247986,
			0.43847566843032837,
			0.40057259798049927,
			0.36266952753067017,
			0.32476645708084106,
			0.28686338663101196,
			0.28686338663101196,
			0.28248673677444458,
			0.27811011672019958,
			0.27373349666595459,
			0.26935684680938721,
			0.26498022675514221,
			0.26060357689857483,
			0.25622695684432983,
			0.25622695684432983,
			0.25622695684432983,
			0.25622695684432983,
			0.25622695684432983
		],
		[
			0.25622695684432983,
			0.25622695684432983,
			0.25622695684432983,
			0.25622695684432983,
			0.25622695684432983,
			0.2658715546131134,
			0.27551612257957458,
			0.28516072034835815,
			0.29480528831481934,
			0.30444988608360291,
			0.31409445405006409,
			0.32373905181884766,
			0.32373905181884766,
			0.42034775018692017,
			0.51695644855499268,
			0.61356520652770996,
			0.71017390489578247,
			0.80678260326385498,
			0.90339130163192749,
			1,
			1,
			0.93602645397186279,
			0.87205284833908081,
			0.80807924270629883,
			0.74410569667816162,
			0.68013209104537964,
			0.61615854501724243,
			0.55218493938446045,
			0.55218493938446045,
			0.51428186893463135,
			0.47637876868247986,
			0.43847569823265076,
			0.40057262778282166,
			0.36266952753067017,
			0.32476645708084106,
			0.28686338663101196,
			0.28686338663101196,
			0.28248673677444458,
			0.27811011672019958,
			0.27373349666595459,
			0.26935684680938721,
			0.26498022675514221,
			0.26060357689857483,
			0.25622695684432983,
			0.25622695684432983,
			0.25622695684432983,
			0.25622695684432983,
			0.25622695684432983
		],
		[
			0.25622695684432983,
			0.25622695684432983,
			0.25622695684432983,
			0.25622695684432983,
			0.25622695684432983,
			0.25926461815834045,
			0.26230227947235107,
			0.26533994078636169,
			0.2683776319026947,
			0.27141526341438293,
			0.27445295453071594,
			0.27749061584472656,
			0.27749061584472656,
			0.36390489339828491,
			0.45031914114952087,
			0.53673338890075684,
			0.62314766645431519,
			0.70956194400787354,
			0.79597616195678711,
			0.88239043951034546,
			0.88239043951034546,
			0.82703346014022827,
			0.77167642116546631,
			0.71631938219070435,
			0.66096234321594238,
			0.6056053638458252,
			0.55024838447570801,
			0.49489131569862366,
			0.49489131569862366,
			0.46407672762870789,
			0.43326219916343689,
			0.40244764089584351,
			0.37163305282592773,
			0.34081852436065674,
			0.31000393629074097,
			0.27918937802314758,
			0.27918937802314758,
			0.27590903639793396,
			0.27262869477272034,
			0.26934835314750671,
			0.26606801152229309,
			0.26278764009475708,
			0.25950729846954346,
			0.25622695684432983,
			0.25622695684432983,
			0.25622695684432983,
			0.25622695684432983,
			0.25622695684432983
		],
		[
			0.25622695684432983,
			0.25622695684432983,
			0.25622695684432983,
			0.25622695684432983,
			0.25622695684432983,
			0.25265771150588989,
			0.24908845126628876,
			0.24551919102668762,
			0.24194993078708649,
			0.23838068544864655,
			0.23481142520904541,
			0.23124216496944427,
			0.23124216496944427,
			0.30746197700500488,
			0.38368180394172668,
			0.45990163087844849,
			0.5361214280128479,
			0.61234128475189209,
			0.6885610818862915,
			0.76478093862533569,
			0.76478093862533569,
			0.71804046630859375,
			0.67129999399185181,
			0.62455952167510986,
			0.57781904935836792,
			0.53107857704162598,
			0.48433813452720642,
			0.43759769201278687,
			0.43759769201278687,
			0.4138716459274292,
			0.39014559984207153,
			0.36641958355903625,
			0.34269353747367859,
			0.31896749138832092,
			0.29524144530296326,
			0.27151539921760559,
			0.27151539921760559,
			0.26933133602142334,
			0.26714727282524109,
			0.26496320962905884,
			0.26277914643287659,
			0.26059508323669434,
			0.25841102004051208,
			0.25622695684432983,
			0.25622695684432983,
			0.25622695684432983,
			0.25622695684432983,
			0.25622695684432983
		],
		[
			0.25622695684432983,
			0.25622695684432983,
			0.25622695684432983,
			0.25622695684432983,
			0.25622695684432983,
			0.24605077505111694,
			0.23587460815906525,
			0.22569844126701355,
			0.21552225947380066,
			0.20534606277942657,
			0.19516989588737488,
			0.18499372899532318,
			0.18499372899532318,
			0.25101909041404724,
			0.31704449653625488,
			0.38306987285614014,
			0.44909524917602539,
			0.51512062549591064,
			0.5811460018157959,
			0.64717131853103638,
			0.64717131853103638,
			0.60904747247695923,
			0.5709235668182373,
			0.53279966115951538,
			0.49467575550079346,
			0.45655187964439392,
			0.41842794418334961,
			0.38030406832695007,
			0.38030406832695007,
			0.36366653442382812,
			0.34702903032302856,
			0.33039149641990662,
			0.31375399231910706,
			0.29711645841598511,
			0.28047892451286316,
			0.26384139060974121,
			0.2638414204120636,
			0.26275363564491272,
			0.26166585087776184,
			0.26057806611061096,
			0.25949031114578247,
			0.25840252637863159,
			0.25731474161148071,
			0.25622695684432983,
			0.25622695684432983,
			0.25622695684432983,
			0.25622695684432983,
			0.25622695684432983
		],
		[
			0.25622695684432983,
			0.25622695684432983,
			0.25622695684432983,
			0.25622695684432983,
			0.25622695684432983,
			0.23944386839866638,
			0.22266076505184174,
			0.20587767660617828,
			0.18909455835819244,
			0.17231146991252899,
			0.15552838146686554,
			0.13874527812004089,
			0.13874527812004089,
			0.19457621872425079,
			0.25040712952613831,
			0.3062380850315094,
			0.36206901073455811,
			0.41789993643760681,
			0.47373086214065552,
			0.52956175804138184,
			0.52956181764602661,
			0.50005447864532471,
			0.4705471396446228,
			0.4410398006439209,
			0.41153243184089661,
			0.38202512264251709,
			0.35251778364181519,
			0.32301044464111328,
			0.32301044464111328,
			0.31346142292022705,
			0.3039124608039856,
			0.29436343908309937,
			0.28481441736221313,
			0.27526542544364929,
			0.26571640372276306,
			0.25616741180419922,
			0.25616741180419922,
			0.25617590546607971,
			0.25618442893028259,
			0.25619292259216309,
			0.25620144605636597,
			0.25620993971824646,
			0.25621843338012695,
			0.25622695684432983,
			0.25622695684432983,
			0.25622695684432983,
			0.25622695684432983,
			0.25622695684432983
		],
		[
			0.25622695684432983,
			0.25622695684432983,
			0.25622695684432983,
			0.25622695684432983,
			0.25622695684432983,
			0.23283693194389343,
			0.20944692194461823,
			0.18605689704418182,
			0.16266688704490662,
			0.13927687704563141,
			0.1158868670463562,
			0.0924968421459198,
			0.0924968421459198,
			0.13813334703445435,
			0.1837698221206665,
			0.22940629720687866,
			0.27504277229309082,
			0.32067927718162537,
			0.36631575226783752,
			0.41195225715637207,
			0.41195225715637207,
			0.39106148481369019,
			0.3701707124710083,
			0.34927994012832642,
			0.32838913798332214,
			0.30749839544296265,
			0.28660762310028076,
			0.26571685075759888,
			0.26571685075759888,
			0.26325634121894836,
			0.26079586148262024,
			0.25833535194396973,
			0.2558748722076416,
			0.25341439247131348,
			0.25095391273498535,
			0.24849341809749603,
			0.24849341809749603,
			0.24959820508956909,
			0.25070300698280334,
			0.2518078088760376,
			0.25291258096694946,
			0.25401735305786133,
			0.25512215495109558,
			0.25622695684432983,
			0.25622695684432983,
			0.25622695684432983,
			0.25622695684432983,
			0.25622695684432983
		],
		[
			0.25622695684432983,
			0.25622695684432983,
			0.25622695684432983,
			0.25622695684432983,
			0.25622695684432983,
			0.22623002529144287,
			0.19623309373855591,
			0.16623614728450775,
			0.13623921573162079,
			0.10624227672815323,
			0.076245345175266266,
			0.046248406171798706,
			0.046248406171798706,
			0.081690452992916107,
			0.11713249981403351,
			0.15257453918457031,
			0.18801659345626831,
			0.22345861792564392,
			0.25890064239501953,
			0.29434269666671753,
			0.29434269666671753,
			0.28206849098205566,
			0.2697942852973938,
			0.25752004981040955,
			0.24524584412574768,
			0.23297163844108582,
			0.22069743275642395,
			0.20842322707176208,
			0.20842322707176208,
			0.21305124461650848,
